    1    0          10      4.2000     16.4000
    2    0           9      4.0000     18.2222
    3    0          10      3.5000     14.0000
    4    0           7      3.0000     10.2857
    5    0           6      3.5000     15.8333
    6    0          14      3.8571     15.9286
    7    0          14      3.5000     13.9286
    8    0          11      4.0000     13.6364
    9    0          12      3.6667     12.5833
   10    0          10      3.1000     12.4000
   11    0           6      3.6667     18.0000
   12    0           7      3.0000     13.0000
   13    0           8      3.5000     15.8750
   14    0          15      3.7333     15.8667
   15    0          11      3.6364     14.4545
   16    0           6      3.6667     12.6667
   17    1          11      3.9091     20.1818
   18    1           7      3.1429     13.2857
   19    1          13      3.0000     13.0769
   20    1           7      4.4286     24.4286
   21    1           5      4.6000     18.6000
   22    1           9      3.4444     14.3333
   23    1           9      3.7778     15.6667
   24    1           9      3.6667     16.5556
   25    1          10      3.4000     15.1000
   26    1           9      3.1111     15.0000
   27    1          12      3.0000     14.1667
   28    1           6      3.1667     16.1667
   29    1           6      3.0000     14.6667
   30    1           5      3.6000     15.0000
   31    1          12      3.8333     16.9167
   32    1          14      2.5000     11.4286
   33    1           9      3.2222     17.0000
   34    1          11      3.2727     15.5455
   35    1          11      3.3636     16.7273
   36    1          14      3.2857     13.1429
   37    1          14      2.9286     13.4286
   38    1           6      3.3333     17.3333
   39    1           8      2.6250      9.7500
   40    1          13      3.6154     15.7692
