 1    3.00   18.00   18.00
 2    6.00    3.00    3.00
 3    3.00    2.00    2.00
 4    8.00   17.00   17.00
 5    9.00   11.00   11.00
 6    6.00    6.00    6.00
 7   16.00   38.00   38.00
 8   10.00   48.00   48.00
 9    2.00    9.00    9.00
10    5.00   22.00   22.00
11    5.00   30.00   30.00
12    6.00   21.00   21.00
13    7.00   10.00   10.00
14   11.00   27.00   27.00
15   18.00   37.00   37.00
16    6.00    8.00    8.00
17    9.00   13.00   13.00
18    7.00    6.00    6.00
19    7.00   12.00   12.00
20    3.00   29.00   29.00
21    7.00   29.00   29.00
22    5.00    7.00    7.00
23    7.00    6.00    6.00
24   13.00   69.00   69.00
25    5.00   11.00   11.00
26    8.00    9.00    9.00
27    8.00   20.00   20.00
28    7.00   41.00   41.00
29    2.00    3.00    3.00
30   13.00   27.00   27.00
31    5.00   14.00   14.00
32    3.00   23.00   23.00
33    1.00    1.00    1.00
34    3.00    7.00    7.00
35    9.00   19.00   19.00
36    3.00   11.00   11.00
37    9.00   31.00   31.00
38    3.00    9.00    9.00
39    4.00   12.00   12.00
40   10.00   32.00   32.00
41    1.00   26.00   26.00
42   11.00   12.00   12.00
43    5.00    9.00    9.00
44    1.00    6.00    6.00
45   21.00   39.00   39.00
46    7.00   16.00   16.00
47    5.00   12.00   12.00
48   16.00   50.00   50.00
49    5.00   18.00   18.00
50    4.00   16.00   16.00
51    5.00    5.00    5.00
52   11.00   20.00   20.00
53   16.00   50.00   50.00
54    3.00    6.00    6.00
55    4.00   19.00   19.00
56    4.00   11.00   11.00
57    5.00   13.00   13.00
58    6.00    3.00    3.00
59    4.00    8.00    8.00
60    8.00   11.00   11.00
61    3.00   25.00   25.00
62    4.00    4.00    4.00
63   15.00            2.00
64   16.00            1.00
65   16.00            3.00
