    1.00     .00     .00   69.13   66.68   61.01   19.41    4.72
    1.00     .00     .00   56.18   57.95   73.55   10.68   17.26
    1.00     .00     .00   65.57   36.34   41.15  -10.93  -15.14
    1.00     .00     .00   65.85   63.82   55.93   16.55    -.36
    1.00     .00     .00   63.08   46.06   46.41   -1.21   -9.88
    1.00     .00     .00   50.61   42.21   58.21   -5.06    1.92
    1.00     .00     .00   63.47   54.44   54.57    7.18   -1.72
    1.00     .00     .00   69.11   26.17   47.46  -21.09   -8.83
    1.00     .00     .00   69.87   50.64   58.95    3.37    2.66
    1.00     .00     .00   49.05   31.86   49.05  -15.41   -7.24
    1.00     .00     .00   61.96   47.78   49.61     .51   -6.68
    1.00     .00     .00   83.93   59.33   51.40   12.07   -4.89
    1.00     .00     .00   71.03   37.49   51.76   -9.78   -4.53
    1.00     .00     .00   54.34   45.75   46.02   -1.52  -10.27
    1.00     .00     .00   58.14   32.96   60.44  -14.31    4.15
    1.00     .00     .00   44.19   36.45   53.67  -10.82   -2.62
    1.00     .00     .00   55.98   37.51   53.88   -9.75   -2.41
    1.00     .00     .00   59.43   46.13   61.95   -1.14    5.66
    1.00     .00     .00   56.02   47.55   62.91     .28    6.62
    1.00     .00     .00   83.98   37.00   35.21  -10.27  -21.08
    1.00     .00     .00   47.65   56.08   59.96    8.82    3.67
    1.00     .00     .00   55.34   40.58   58.93   -6.69    2.64
    1.00     .00     .00   50.93   55.21   46.01    7.94  -10.28
    1.00     .00     .00   50.97   42.05   47.82   -5.22   -8.47
    1.00     .00     .00   60.12   62.63   42.31   15.36  -13.98
    1.00     .00     .00   53.05   54.60   65.35    7.34    9.06
    1.00     .00     .00   62.00   28.00   44.82  -19.27  -11.47
    1.00     .00     .00   28.85   36.22   49.90  -11.05   -6.39
    1.00     .00     .00   69.86   51.57   65.91    4.31    9.62
    1.00     .00     .00   49.47   57.96   42.85   10.69  -13.44
    1.00     .00     .00   72.31   31.09   53.32  -16.17   -2.97
    1.00     .00     .00   53.08   37.18   48.99  -10.08   -7.30
    1.00     .00     .00   55.22   50.86   54.30    3.59   -1.99
    1.00     .00     .00   63.75   41.34   61.98   -5.92    5.69
    1.00     .00     .00   69.22   35.73   49.57  -11.54   -6.72
    1.00     .00     .00   52.99   77.81   59.04   30.54    2.75
    1.00     .00     .00   54.37   31.21   53.39  -16.06   -2.90
    1.00     .00     .00   71.82   51.52   45.94    4.25  -10.35
    1.00     .00     .00   57.60   60.28   63.27   13.01    6.98
     .00     .00    1.00   47.77   37.07   61.92  -10.19    5.63
     .00     .00    1.00   49.51   38.23   70.81   -9.04   14.52
     .00     .00    1.00   50.65   50.91   39.92    3.65  -16.37
     .00     .00    1.00   43.79   48.53   61.41    1.26    5.12
     .00     .00    1.00   53.00   42.73   51.70   -4.54   -4.59
     .00     .00    1.00   59.17   58.89   54.40   11.63   -1.89
     .00     .00    1.00   35.98   30.50   62.88  -16.76    6.59
     .00     .00    1.00   51.62   41.97   65.00   -5.30    8.71
     .00     .00    1.00   50.36   59.01   56.12   11.75    -.17
     .00     .00    1.00   56.54   57.17   74.30    9.91   18.01
     .00     .00    1.00   58.72   55.19   58.71    7.93    2.42
     .00     .00    1.00   32.85   56.12   41.00    8.86  -15.29
     .00     .00    1.00   58.56   33.53   67.11  -13.73   10.82
     .00     .00    1.00   48.54   44.77   59.36   -2.49    3.07
     .00     .00    1.00   47.45   41.60   50.60   -5.67   -5.69
     .00     .00    1.00   41.13   40.95   65.60   -6.32    9.31
     .00     .00    1.00   43.36   25.09   43.52  -22.17  -12.77
     .00     .00    1.00   41.72   55.00   45.83    7.73  -10.46
     .00     .00    1.00   25.14   49.77   57.73    2.50    1.44
     .00     .00    1.00   64.14   54.63   71.17    7.36   14.88
     .00     .00    1.00   44.89   39.77   47.26   -7.50   -9.03
     .00     .00    1.00   49.81   42.92   43.29   -4.35  -13.00
     .00     .00    1.00   34.75   20.50   61.05  -26.77    4.76
     .00     .00    1.00   52.57   58.92   52.24   11.65   -4.05
     .00     .00    1.00   49.44   61.79   58.36   14.52    2.07
     .00     .00    1.00   43.90   35.34   42.59  -11.93  -13.70
     .00     .00    1.00   47.08   49.60   52.57    2.33   -3.72
     .00     .00    1.00   59.66   41.84   52.75   -5.42   -3.54
     .00     .00    1.00   61.61   49.62   32.16    2.36  -24.13
     .00     .00    1.00   45.76   46.29   47.35    -.98   -8.94
     .00     .00    1.00   67.73   47.02   68.64    -.25   12.35
     .00     .00    1.00   44.35   45.29   41.75   -1.97  -14.54
     .00     .00    1.00   45.39   41.49   69.39   -5.78   13.10
     .00     .00    1.00   54.07   44.07   55.88   -3.20    -.41
     .00     .00    1.00   40.55   53.86   61.16    6.60    4.87
     .00     .00    1.00   28.84   45.67   49.08   -1.59   -7.21
     .00     .00    1.00   60.57   33.03   50.35  -14.24   -5.94
     .00     .00    1.00   50.63   39.38   65.90   -7.89    9.61
     .00     .00    1.00   53.19   37.14   58.75  -10.13    2.46
     .00     .00    1.00   56.88   47.75   57.93     .48    1.64
     .00     .00    1.00   70.36   39.52   43.79   -7.74  -12.50
     .00     .00    1.00   38.74   57.41   57.54   10.14    1.25
     .00     .00    1.00   42.42   41.38   63.72   -5.89    7.43
     .00     .00    1.00   39.13   32.64   75.93  -14.63   19.64
     .00     .00    1.00   40.41   44.07   54.72   -3.20   -1.57
     .00     .00    1.00   49.50   48.61   46.64    1.34   -9.65
     .00     .00    1.00   40.29   38.83   50.81   -8.44   -5.48
     .00     .00    1.00   62.13   51.09   69.69    3.82   13.40
     .00     .00    1.00   39.08   35.90   59.83  -11.37    3.54
     .00     .00    1.00   68.62   47.09   45.72    -.18  -10.57
     .00     .00    1.00   55.72   58.39   55.28   11.12   -1.01
     .00     .00    1.00   45.82   32.34   51.80  -14.92   -4.49
     .00     .00    1.00   32.53   19.04   67.87  -28.22   11.58
     .00     .00    1.00   68.56   38.95   52.30   -8.32   -3.99
     .00     .00    1.00   33.97   41.23   55.66   -6.04    -.63
     .00     .00    1.00   41.60   38.20   63.36   -9.07    7.07
     .00    1.00     .00   35.65   59.02   41.45   11.75  -14.84
     .00    1.00     .00   24.21   46.07   70.13   -1.20   13.84
     .00    1.00     .00   50.96   60.78   59.01   13.52    2.72
     .00    1.00     .00   20.43   50.62   58.37    3.35    2.08
     .00    1.00     .00   32.69   56.46   60.59    9.19    4.30
     .00    1.00     .00   41.61   53.47   60.91    6.20    4.62
     .00    1.00     .00   11.75   24.14   60.72  -23.12    4.43
     .00    1.00     .00   47.11   68.54   85.27   21.28   28.98
     .00    1.00     .00   18.78   71.95   66.52   24.69   10.23
     .00    1.00     .00   49.55   38.37   60.33   -8.89    4.04
     .00    1.00     .00   36.58   44.17   48.81   -3.10   -7.48
     .00    1.00     .00   31.19   48.09   41.77     .83  -14.52
     .00    1.00     .00   30.93   57.79   47.62   10.52   -8.67
     .00    1.00     .00   20.07   57.39   77.52   10.12   21.23
     .00    1.00     .00   30.29   59.13   65.26   11.87    8.97
     .00    1.00     .00   27.19   33.99   46.27  -13.28  -10.02
     .00    1.00     .00   34.83   38.53   55.13   -8.73   -1.16
     .00    1.00     .00   33.15   45.33   51.63   -1.93   -4.66
     .00    1.00     .00   21.73   42.68   57.39   -4.58    1.10
     .00    1.00     .00   48.10   74.76   51.06   27.49   -5.23
     .00    1.00     .00   22.10   59.01   58.02   11.75    1.73
     .00    1.00     .00   36.43   48.01   55.41     .74    -.88
     .00    1.00     .00   32.90   38.21   57.79   -9.06    1.50
     .00    1.00     .00   39.64   50.99   52.05    3.72   -4.24
     .00    1.00     .00   28.88   41.43   58.93   -5.84    2.64
     .00    1.00     .00   16.89   47.71   58.89     .44    2.60
     .00    1.00     .00   35.37   59.06   50.63   11.79   -5.66
     .00    1.00     .00   41.91   39.92   59.16   -7.35    2.87
     .00    1.00     .00   22.18   38.12   63.08   -9.14    6.79
     .00    1.00     .00   44.28   49.82   58.67    2.56    2.38
     .00    1.00     .00   48.93   50.60   64.72    3.34    8.43
     .00    1.00     .00   31.18   58.72   76.86   11.45   20.57
     .00    1.00     .00   30.15   63.31   60.40   16.05    4.11
     .00    1.00     .00   27.74   52.21   73.05    4.94   16.76
     .00    1.00     .00   36.79   51.67   65.39    4.41    9.10
     .00    1.00     .00   39.95   50.78   67.53    3.51   11.24
     .00    1.00     .00   27.60   45.38   71.60   -1.89   15.31
     .00    1.00     .00   54.59   49.94   56.35    2.67     .06
     .00    1.00     .00   32.28   48.43   53.21    1.16   -3.08
     .00    1.00     .00   57.20   58.40   62.06   11.13    5.77
     .00    1.00     .00   47.87   49.43   49.97    2.16   -6.32
     .00    1.00     .00   54.85   54.44   51.08    7.18   -5.21
     .00    1.00     .00   25.97   57.63   65.01   10.36    8.72
     .00    1.00     .00   41.01   40.07   68.35   -7.20   12.06
     .00    1.00     .00   32.14   51.66   49.59    4.39   -6.70
     .00    1.00     .00   32.18   45.57   61.35   -1.69    5.06
     .00    1.00     .00   40.47   48.96   34.21    1.69  -22.08
     .00    1.00     .00   15.21   43.60   66.48   -3.66   10.19
     .00    1.00     .00   27.23   55.67   52.31    8.40   -3.98
     .00    1.00     .00   48.44   51.06   34.32    3.80  -21.97
     .00    1.00     .00   26.52   45.44   71.87   -1.82   15.58
     .00    1.00     .00   39.36   64.46   55.73   17.20    -.56
     .00    1.00     .00   54.30   50.47   35.44    3.20  -20.85
     .00    1.00     .00   33.77   53.16   63.78    5.90    7.49
     .00    1.00     .00   40.15   71.76   65.39   24.49    9.10