  206    1    0
  214    4    0
  218    1    0
  221    1    0
  226    4    0
  233    1    0
  236    2    0
  237    2    0
  249    1    0
  257    1    0
  258    1    0
  263    4    0
  264    1    0
  266    1    0
  270    4    1
  271    1    1
  284    4    1
  285    4    1
  286    1    1
  288    1    1
  290    1    1
  293    4    1
  294    4    1
  296    2    1
  297    1    1
  299    2    1
  301    1    1
  302    1    1
  303    4    1
  305    4    1
  311    2    1
  312    1    1
  314    2    1
  315    2    1
  320    3    1
  321    1    1
  323    1    1
  330    1    1
  337    4    1
  341    1    1
  342    1    1
  344    4    1
  349    4    1
  366    2    1
  370    4    1
  371    2    1
  375    4    1
  376    1    0
  378    4    0
  404    4    1
  405    4    1
  407    1    1
  413    2    1
  415    3    1
  416    3    1
  422    3    1
  423    2    1
  424    4    1
  440    2    1
  450    4    1
  453    1    1
  462    2    1
  473    1    0
  476    1    1
  477    4    1
  500    4    1
  503    2    1
  505    2    1
  507    2    1
  512    4    1
  518    4    0
  520    1    0
  522    1    0
  523    1    0
  524    1    0
  525    1    0
  530    4    1
  538    4    1
  539    1    1
  541    1    1
  543    2    1
  544    1    1
  551    2    0
  553    2    0
  558    1    0
  566    1    0
  569    1    0
  584    4    1
  589    2    1
  596    1    1
  601    2    1
  642    4    1
  645    2    1
  657    2    0
  659    2    0
  661    1    0
  662    4    0
  666    2    0
  685    3    0
  689    1    0
  696    1    0
  701    1    0
  709    1    0
  724    4    1
  752    4    1
  753    1    1
  754    1    1
  755    2    1
  758    1    1
  768    4    1
  772    1    1
  774    4    1
  791    2    0
  794    2    0
  813    4    1
  818    2    1
  847    2    1
  874    4    1
  877    4    1
  950    1    0
  951    4    0
  955    1    0
  958    1    0
  960    1    0
  961    1    0
  964    1    0
  965    1    0
 1000    2    0
 1003    1    0
 1008    1    0
 1028    4    1
 1029    2    1
 1031    1    1
 1034    4    1
 1037    4    1
 1078    2    1
 1092    4    1
 1096    1    1
 1098    4    1
