id i1 i2 i3 i4 i5 i6 i7 X
1 1 1 0 1 1 0 0 4
2 1 1 1 1 1 0 0 5
3 1 1 1 1 1 1 1 7
4 1 1 1 1 1 1 1 7
5 1 1 1 1 1 1 0 6
6 1 1 1 1 1 1 1 7
7 1 1 0 1 1 0 1 5
8 1 1 0 1 1 1 0 5
9 1 0 1 1 0 1 1 5
10 1 1 0 0 1 1 1 5
11 1 1 1 1 1 1 1 7
12 1 1 1 1 1 1 0 6
13 1 1 1 1 1 1 0 6
14 1 1 1 1 0 1 0 5
15 1 1 1 0 1 0 0 4
16 1 1 1 0 0 0 0 3
17 1 1 0 1 1 1 1 6
18 1 1 1 1 1 1 0 6
19 1 1 1 1 0 1 1 6
20 1 1 1 0 0 0 1 4
21 0 1 1 1 0 1 1 5
22 1 1 0 0 0 1 0 3
23 1 1 1 1 0 1 0 5
24 1 1 1 1 0 1 0 5
25 1 0 0 1 1 1 0 4
26 1 0 0 0 0 0 0 1
27 1 1 1 1 1 1 1 7
28 1 1 1 1 0 1 0 5
29 0 1 0 0 0 0 0 1
30 1 1 1 1 0 0 0 4
31 1 1 1 1 1 1 0 6
32 1 1 1 1 0 1 0 5
33 1 1 1 1 1 0 0 5
34 1 1 1 1 1 0 1 6
35 1 1 1 1 1 1 1 7
36 1 1 0 1 0 1 1 5
37 1 1 1 1 1 1 1 7
38 1 1 1 0 1 0 1 5
39 1 1 0 1 1 0 0 4
40 0 1 0 0 1 0 0 2
41 1 1 0 1 1 1 1 6
42 1 0 0 0 0 0 0 1
43 1 1 1 1 0 1 1 6
44 1 1 1 1 1 1 0 6
45 1 1 1 0 1 1 0 5
46 1 1 1 1 1 0 1 6
47 1 1 1 1 1 1 1 7
48 1 1 1 1 1 1 1 7
49 1 1 1 0 1 1 1 6
50 1 1 1 1 0 0 0 4
51 1 1 1 1 1 0 1 6
52 1 0 1 0 0 0 0 2
53 1 1 1 1 0 1 1 6
54 1 1 0 0 0 0 0 2
55 1 1 1 1 1 1 1 7
56 1 1 1 1 1 0 0 5
57 1 1 1 0 0 1 0 4
58 1 1 1 0 0 1 0 4
59 1 1 1 0 0 1 1 5
60 1 1 1 0 0 1 0 4
61 1 1 1 1 1 1 1 7
62 0 1 1 0 1 0 1 4
63 1 1 1 1 1 1 1 7
64 1 1 0 0 0 0 0 2
65 0 0 0 0 0 0 0 0
66 1 1 1 0 0 0 0 3
67 1 1 0 1 0 1 0 4
68 1 1 1 1 0 1 1 6
69 1 1 1 1 1 1 0 6
70 1 1 1 1 0 1 0 5
71 1 1 1 1 0 0 0 4
72 1 1 1 0 1 1 0 5
73 1 1 1 0 0 1 0 4
74 1 1 0 1 1 0 0 4
75 0 1 1 0 0 0 0 2
76 1 1 1 1 1 1 1 7
77 1 1 1 1 0 0 1 5
78 1 1 0 1 0 1 0 4
79 1 1 1 1 0 0 0 4
80 1 1 1 1 1 0 1 6
81 1 1 1 1 1 0 0 5
82 1 1 1 0 0 0 1 4
83 1 1 1 0 0 1 0 4
84 1 1 1 1 1 0 1 6
85 1 0 1 1 1 1 0 5
86 1 1 1 0 1 0 0 4
87 1 1 0 0 1 1 0 4
88 0 0 1 0 0 0 0 1
89 1 1 1 0 0 0 0 3
90 0 0 0 0 1 0 0 1
91 1 1 1 1 1 0 0 5
92 1 1 1 1 1 0 0 5
93 1 1 1 1 0 1 0 5
94 1 1 1 1 1 1 1 7
95 1 1 1 1 1 0 1 6
96 1 1 1 0 1 0 0 4
97 1 0 1 1 0 0 1 4
98 1 1 1 0 0 0 1 4
99 1 1 1 1 1 0 0 5
100 1 1 1 0 1 0 1 5
101 1 1 0 1 1 1 1 6
102 1 0 1 0 1 1 0 4
103 1 1 1 1 0 1 1 6
104 1 1 1 1 0 0 1 5
105 1 1 0 1 1 1 0 5
106 1 1 1 1 0 0 0 4
107 1 1 1 0 1 0 0 4
108 1 1 1 1 0 1 0 5
109 1 1 1 1 1 0 0 5
110 1 1 1 1 0 0 1 5
111 1 1 0 1 1 1 0 5
112 1 1 1 1 1 0 1 6
113 1 1 1 1 1 0 0 5
114 1 1 0 1 0 0 0 3
115 1 0 0 0 0 0 1 2
116 1 1 1 1 1 1 1 7
117 1 1 1 1 0 1 0 5
118 1 0 1 0 0 0 1 3
119 1 1 1 1 1 1 1 7
120 1 1 1 0 0 0 1 4
121 1 1 1 0 0 1 0 4
122 1 1 1 1 0 0 0 4
123 1 1 1 1 1 0 0 5
124 0 1 1 1 1 1 0 5
125 1 1 1 1 0 0 0 4
126 1 1 1 1 1 0 1 6
127 1 1 0 1 1 1 1 6
128 1 1 0 1 0 0 1 4
129 1 1 0 1 1 1 0 5
130 1 1 1 1 1 0 0 5
131 1 1 0 1 0 1 0 4
132 1 1 1 1 1 1 0 6
133 0 1 0 1 0 1 1 4
134 1 1 0 1 1 1 0 5
135 1 1 0 1 1 1 0 5
136 1 1 1 1 1 1 0 6
137 1 1 1 0 1 0 0 4
138 1 1 1 1 0 1 0 5
139 1 1 1 1 1 0 0 5
140 1 1 1 1 0 0 0 4
141 1 1 1 1 0 0 1 5
142 1 1 0 1 1 1 1 6
143 1 1 1 1 0 1 1 6
144 1 0 1 1 0 0 0 3
145 1 1 1 0 1 1 0 5
146 1 1 1 1 1 1 1 7
147 1 1 0 1 1 0 0 4
148 1 1 1 1 1 1 0 6
149 1 1 0 1 1 1 0 5
150 1 1 0 1 0 0 0 3
151 1 1 1 1 1 1 0 6
152 1 1 1 0 0 1 0 4
153 1 1 1 1 1 1 1 7
154 1 1 0 1 0 0 0 3
155 1 0 0 1 1 1 0 4
156 1 1 1 1 0 0 0 4
157 1 1 1 1 0 1 1 6
158 0 1 0 1 0 1 0 3
159 1 1 1 1 1 0 1 6
160 1 1 1 1 1 0 0 5
161 1 1 1 1 1 1 0 6
162 1 1 0 1 1 1 1 6
163 1 0 0 1 1 0 0 3
164 1 1 0 1 1 0 0 4
165 1 1 1 1 1 1 0 6
166 1 1 1 1 1 1 0 6
167 1 1 1 0 0 0 1 4
168 1 1 1 0 0 1 0 4
169 1 1 1 1 1 0 1 6
170 1 1 1 1 1 0 0 5
171 1 1 1 1 1 1 1 7
172 1 1 1 1 1 1 0 6
173 0 1 0 1 1 0 0 3
174 1 0 1 1 0 1 1 5
175 1 1 1 1 0 0 0 4
176 1 1 1 1 1 1 0 6
177 1 0 0 1 1 0 0 3
178 1 1 1 1 0 1 0 5
179 1 1 1 1 1 0 0 5
180 1 1 1 1 0 1 1 6
181 1 1 1 1 1 0 1 6
182 1 1 1 0 0 1 1 5
183 1 1 0 1 0 0 0 3
184 1 1 1 1 1 1 0 6
185 1 1 1 1 1 0 0 5
186 1 1 1 1 1 0 1 6
187 1 1 0 1 0 0 0 3
188 1 1 1 1 0 0 0 4
189 1 1 1 1 1 1 0 6
190 1 1 1 1 1 1 0 6
191 1 1 1 1 0 1 0 5
192 1 1 1 1 1 1 0 6
193 1 1 1 1 1 1 0 6
194 1 1 1 1 0 1 0 5
195 1 1 1 1 1 1 0 6
196 1 1 1 1 0 1 0 5
197 1 1 1 1 0 1 0 5
198 1 1 0 1 1 1 0 5
199 1 1 1 1 0 0 1 5
200 1 1 1 1 0 1 1 6
201 1 1 1 0 0 1 1 5
202 1 1 1 1 0 1 0 5
203 1 1 1 0 1 0 0 4
204 1 1 1 0 1 1 0 5
205 1 1 0 1 1 0 0 4
206 0 1 1 1 1 1 0 5
207 1 1 1 1 1 1 0 6
208 0 1 1 0 1 0 0 3
209 1 1 1 1 1 1 0 6
210 1 1 1 1 0 1 0 5
211 1 1 0 1 1 1 0 5
212 1 1 1 1 0 1 1 6
213 1 1 1 1 1 1 0 6
214 1 1 1 0 1 0 1 5
215 1 1 1 0 1 0 1 5
216 1 0 1 1 0 1 1 5
217 1 1 1 1 1 1 0 6
218 1 1 0 0 1 1 0 4
219 1 1 0 1 1 1 0 5
220 1 1 0 1 1 0 1 5
221 1 1 1 1 1 0 1 6
222 1 0 1 1 1 0 0 4
223 1 1 1 1 0 1 1 6
224 1 1 1 0 0 1 1 5
225 0 1 1 0 1 1 0 4
226 1 1 1 1 0 1 0 5
227 1 1 1 0 0 0 1 4
228 1 1 0 1 1 1 0 5
229 1 1 1 1 0 1 0 5
230 1 1 1 0 1 0 1 5
231 1 1 1 1 1 1 0 6
232 1 1 1 1 1 1 1 7
233 1 1 1 1 1 1 0 6
234 1 1 1 1 0 1 1 6
235 0 1 0 0 0 1 0 2
236 1 1 1 1 1 1 0 6
237 1 0 1 1 0 1 1 5
238 1 1 1 1 1 0 0 5
239 1 1 0 1 1 1 1 6
240 1 1 1 1 1 1 0 6
241 1 1 1 1 0 1 0 5
242 1 1 1 1 0 0 1 5
243 1 1 1 1 0 0 0 4
244 1 1 1 1 1 0 1 6
245 1 1 1 0 0 0 0 3
246 1 1 0 1 0 0 1 4
247 1 1 1 1 1 0 1 6
248 1 1 0 0 1 1 1 5
249 1 1 1 1 1 0 1 6
250 1 1 1 0 1 1 0 5
251 1 1 0 1 1 0 0 4
252 1 1 1 0 1 1 1 6
253 1 1 1 1 0 1 1 6
254 1 1 1 1 1 1 1 7
255 1 1 0 1 1 1 1 6
256 1 0 1 1 1 1 0 5
257 1 0 1 1 1 0 0 4
258 1 1 1 1 0 1 1 6
259 1 1 1 1 1 1 0 6
260 1 1 1 1 1 1 1 7
261 1 1 1 1 1 1 0 6
262 1 1 1 0 1 1 0 5
263 1 1 1 1 1 0 1 6
264 1 0 1 1 1 1 0 5
265 1 1 1 1 1 0 0 5
266 1 1 0 1 1 0 0 4
267 1 1 1 0 0 1 0 4
268 1 1 1 1 1 0 0 5
269 0 1 0 1 0 0 0 2
270 1 1 0 1 0 0 0 3
271 1 1 1 1 0 1 0 5
272 1 1 1 1 0 1 1 6
273 1 1 1 1 0 1 1 6
274 1 0 1 1 1 1 1 6
275 1 1 1 1 1 1 0 6
276 1 1 1 1 0 1 1 6
277 1 1 1 1 0 1 0 5
278 0 1 1 1 1 1 0 5
279 1 1 1 1 0 1 0 5
280 1 1 1 1 0 1 0 5
281 1 1 1 0 1 1 0 5
282 1 1 1 1 0 1 0 5
283 1 1 1 1 1 0 1 6
284 1 0 0 0 1 1 0 3
285 1 1 0 1 0 0 0 3
286 1 1 1 1 1 0 1 6
287 1 1 0 0 1 1 0 4
288 1 1 1 1 1 0 0 5
289 1 0 1 1 0 0 1 4
290 1 1 0 1 0 1 0 4
291 1 1 1 1 1 0 0 5
292 1 0 1 1 1 1 0 5
293 1 1 1 1 1 1 0 6
294 1 0 1 1 1 1 1 6
295 1 0 1 1 1 0 0 4
296 1 1 1 1 0 1 0 5
297 1 1 1 1 1 0 0 5
298 1 1 0 1 0 0 0 3
299 1 1 1 1 1 0 0 5
300 1 1 1 1 0 1 0 5
301 1 1 1 1 0 0 1 5
302 1 1 1 1 0 1 0 5
303 1 1 1 1 1 1 1 7
304 1 1 1 1 1 1 1 7
305 1 1 1 1 1 1 0 6
306 1 1 1 1 1 0 0 5
307 1 1 0 1 0 1 0 4
308 1 1 0 1 1 0 0 4
309 1 1 1 1 1 1 0 6
310 1 1 1 1 1 1 0 6
311 1 1 0 1 0 1 0 4
312 1 1 1 1 1 1 1 7
313 1 1 1 1 0 0 0 4
314 1 1 1 0 1 0 1 5
315 1 1 1 0 0 1 0 4
316 1 1 1 1 1 0 0 5
317 1 1 1 1 1 0 0 5
318 1 1 1 1 0 1 0 5
319 1 1 1 1 0 1 0 5
320 1 1 1 1 0 1 0 5
321 1 1 1 0 0 1 0 4
322 1 1 1 1 0 1 1 6
323 1 1 1 1 1 0 0 5
324 1 1 1 1 1 1 0 6
325 1 1 0 0 1 1 0 4
326 1 1 1 1 0 1 1 6
327 1 1 1 1 0 0 1 5
328 1 1 0 1 0 0 1 4
329 1 1 1 1 1 1 1 7
330 1 1 1 1 1 0 0 5
331 1 1 0 1 0 1 0 4
332 1 1 1 1 0 1 1 6
333 1 1 1 1 0 0 0 4
334 1 0 1 0 0 0 0 2
335 1 1 1 1 1 1 1 7
336 1 1 1 1 1 1 0 6
337 1 1 1 1 0 1 0 5
338 1 1 0 0 1 1 1 5
339 1 1 1 1 0 0 0 4
340 1 1 0 1 0 1 1 5
341 1 1 1 0 1 0 1 5
342 1 1 1 1 1 0 0 5
343 1 1 1 1 1 0 0 5
344 1 1 1 0 1 0 0 4
345 1 1 1 1 1 1 1 7
346 1 0 1 1 0 1 0 4
347 1 1 0 1 0 0 0 3
348 1 1 0 1 1 1 0 5
349 1 1 1 1 0 0 1 5
350 1 1 1 1 1 1 0 6
351 0 1 1 0 1 0 1 4
352 1 1 0 1 1 0 0 4
353 1 1 1 1 1 1 0 6
354 1 0 1 1 0 1 0 4
355 1 1 1 1 0 1 0 5
356 1 1 0 1 1 0 0 4
357 1 1 1 1 1 1 0 6
358 1 1 0 1 1 0 1 5
359 1 1 1 1 1 0 0 5
360 1 0 0 1 1 1 0 4
361 1 1 0 1 1 1 0 5
362 1 1 1 1 0 0 0 4
363 1 1 1 1 0 1 0 5
364 1 1 0 0 0 0 0 2
365 1 1 1 0 0 0 0 3
366 0 1 1 1 1 0 0 4
367 1 1 0 0 0 1 1 4
368 1 1 1 1 0 0 0 4
369 1 1 1 1 0 1 1 6
370 1 1 0 1 1 0 1 5
371 1 1 1 1 1 1 1 7
372 1 1 1 1 1 0 1 6
373 1 1 1 0 1 0 0 4
374 1 1 1 1 1 0 1 6
375 1 1 1 0 0 0 0 3
376 1 1 1 0 1 1 1 6
377 1 1 1 1 1 0 0 5
378 1 1 1 1 1 1 0 6
379 1 1 1 1 1 1 0 6
380 1 1 1 1 1 1 1 7
381 1 1 0 1 1 1 0 5
382 1 1 1 1 0 1 0 5
383 1 1 1 1 1 0 1 6
384 1 1 1 1 1 0 0 5
385 1 1 0 1 1 1 1 6
386 1 1 1 1 0 1 0 5
387 1 1 1 1 1 0 0 5
388 1 1 1 1 0 0 1 5
389 1 1 1 1 1 0 0 5
390 1 1 0 1 1 1 0 5
391 1 1 1 1 0 1 0 5
392 1 1 1 0 0 1 0 4
393 1 1 1 1 1 1 0 6
394 1 1 1 1 1 0 1 6
395 1 1 1 1 1 0 0 5
396 1 1 1 0 0 0 0 3
397 1 1 1 0 1 0 0 4
398 1 1 1 1 0 0 1 5
399 1 1 1 1 0 0 1 5
400 1 1 1 1 1 1 0 6
401 1 1 0 1 1 1 1 6
402 1 1 1 1 1 0 1 6
403 1 1 1 1 0 1 1 6
404 1 1 1 1 1 1 0 6
405 1 1 0 1 0 1 1 5
406 1 1 1 1 1 1 1 7
407 1 1 1 0 0 1 1 5
408 1 1 0 1 1 0 1 5
409 1 1 1 0 1 0 0 4
410 1 1 0 1 1 0 0 4
411 1 1 1 1 0 0 0 4
412 1 1 1 1 1 1 0 6
413 1 1 1 1 0 1 0 5
414 1 1 0 1 1 1 0 5
415 1 1 0 0 0 1 0 3
416 1 1 1 0 1 1 1 6
417 1 1 1 1 1 0 0 5
418 1 0 1 1 1 1 1 6
419 1 1 1 1 1 1 0 6
420 1 1 0 1 1 1 0 5
421 1 1 0 1 1 0 0 4
422 1 1 1 1 1 0 0 5
423 1 1 1 1 1 1 0 6
424 1 1 1 1 0 0 0 4
425 1 1 0 1 1 0 1 5
426 1 1 1 0 0 0 0 3
427 1 1 1 0 0 1 0 4
428 1 0 1 1 1 0 0 4
429 1 1 1 1 1 0 0 5
430 1 1 1 1 1 0 0 5
431 1 1 1 1 0 0 0 4
432 1 1 1 1 1 1 0 6
433 1 1 1 0 0 1 1 5
434 1 1 0 1 0 0 0 3
435 1 1 1 1 1 0 0 5
436 1 1 1 1 1 0 0 5
437 1 1 1 0 0 1 0 4
438 1 1 1 1 0 1 1 6
439 1 1 1 1 0 1 0 5
440 1 1 1 0 0 0 1 4
441 1 1 1 1 0 1 0 5
442 1 1 1 1 0 1 0 5
443 1 1 0 1 0 1 0 4
444 1 1 1 1 0 1 1 6
445 1 1 1 0 0 1 0 4
446 1 1 1 0 0 0 0 3
447 1 1 1 0 1 1 1 6
448 1 1 0 1 1 1 0 5
449 1 1 1 0 1 1 1 6
450 1 1 0 0 1 0 1 4
451 1 1 1 1 0 0 1 5
452 1 1 1 1 1 0 0 5
453 1 1 1 0 1 1 0 5
454 1 1 1 1 1 0 0 5
455 1 1 1 0 1 0 1 5
456 1 1 0 1 0 0 0 3
457 1 1 1 1 1 0 0 5
458 1 1 0 1 0 1 1 5
459 1 1 0 1 0 0 1 4
460 1 1 1 1 0 0 1 5
461 0 1 1 1 1 1 0 5
462 1 1 1 1 1 1 0 6
463 1 1 1 0 1 1 0 5
464 1 1 1 1 1 0 0 5
465 1 1 1 1 0 1 1 6
466 1 1 1 0 1 1 0 5
467 0 1 0 1 1 0 0 3
468 1 1 1 1 1 1 1 7
469 1 1 0 1 0 0 0 3
470 1 1 1 0 1 0 0 4
471 1 0 1 1 1 0 0 4
472 1 1 0 0 1 0 1 4
473 1 0 1 1 1 1 0 5
474 1 1 1 1 1 0 1 6
475 1 1 0 1 0 0 1 4
476 1 1 1 0 1 1 1 6
477 1 1 0 1 0 1 0 4
478 1 1 1 1 0 1 1 6
479 1 1 0 1 1 0 1 5
480 1 1 1 0 1 0 1 5
481 1 1 1 0 1 1 1 6
482 1 1 1 0 1 0 0 4
483 1 1 1 0 0 0 0 3
484 1 1 1 0 1 1 1 6
485 1 1 0 1 1 1 0 5
486 1 1 1 1 0 1 0 5
487 1 1 0 1 1 1 0 5
488 0 1 1 1 1 0 0 4
489 1 1 1 1 1 1 0 6
490 1 1 1 1 0 1 0 5
491 1 1 1 1 0 0 0 4
492 1 1 1 1 1 1 0 6
493 1 0 1 0 0 1 1 4
494 1 1 1 0 0 0 0 3
495 1 0 1 1 0 1 0 4
496 1 1 1 1 0 0 0 4
497 1 1 1 1 1 1 0 6
498 1 1 0 1 1 0 1 5
499 1 1 0 1 1 0 0 4
500 1 1 1 0 0 1 0 4
501 1 1 0 0 1 0 1 4
502 1 1 1 1 1 1 1 7
503 1 1 1 1 1 0 1 6
504 1 1 1 1 0 1 0 5
505 1 1 1 1 0 0 0 4
506 1 1 1 1 1 1 0 6
507 1 1 1 1 0 0 0 4
508 0 1 1 0 1 0 0 3
509 1 1 1 0 0 0 0 3
510 1 1 1 1 0 1 0 5
511 1 1 1 1 0 1 0 5
512 1 1 1 1 0 0 0 4
513 1 1 1 1 1 1 1 7
514 1 1 0 0 0 1 0 3
515 1 1 1 1 1 1 0 6
516 1 1 1 1 0 1 0 5
517 1 1 1 1 1 1 0 6
518 1 1 1 1 1 1 1 7
519 1 1 1 1 1 1 0 6
520 1 1 1 0 0 1 0 4
521 1 1 1 1 1 1 0 6
522 1 1 1 1 1 0 1 6
523 1 1 1 1 1 0 0 5
524 1 1 1 1 1 0 1 6
525 1 1 1 1 1 1 0 6
526 1 1 1 1 1 1 0 6
527 1 1 0 1 1 1 0 5
528 1 1 1 1 1 1 1 7
529 1 1 1 1 1 1 1 7
530 1 1 1 0 1 1 0 5
531 1 1 0 0 0 1 0 3
532 0 1 1 1 1 1 0 5
533 1 1 1 1 1 1 0 6
534 1 1 1 1 0 1 0 5
535 1 1 1 1 0 0 0 4
536 1 1 1 1 0 1 0 5
537 1 1 0 1 0 1 0 4
538 1 1 1 0 1 1 0 5
539 1 1 1 1 0 1 1 6
540 1 1 1 1 0 0 1 5
541 1 1 1 1 0 0 1 5
542 1 1 1 0 1 0 0 4
543 1 1 1 1 1 1 0 6
544 1 1 1 1 0 1 1 6
545 0 1 1 1 1 0 0 4
546 0 1 1 1 0 1 1 5
547 1 1 0 1 1 1 0 5
548 1 1 1 0 0 0 0 3
549 1 1 0 1 1 1 0 5
550 1 1 0 1 0 1 0 4
551 1 1 1 0 1 1 0 5
552 1 1 0 1 1 1 1 6
553 1 1 0 1 0 1 0 4
554 1 1 1 1 1 0 0 5
555 1 1 1 0 0 1 0 4
556 1 0 1 1 0 0 0 3
557 0 1 1 1 0 0 1 4
558 1 1 0 0 0 1 1 4
559 1 1 1 1 1 0 1 6
560 1 1 1 1 1 1 0 6
561 1 1 0 1 0 0 0 3
562 1 1 1 1 1 1 1 7
563 1 1 1 1 1 0 0 5
564 1 1 1 1 1 0 0 5
565 1 1 1 1 1 1 0 6
566 1 1 1 0 1 0 1 5
567 0 1 1 1 1 0 1 5
568 1 1 1 1 0 0 1 5
569 1 1 1 1 1 0 1 6
570 1 1 1 1 1 0 0 5
571 1 1 1 1 1 0 0 5
572 1 1 1 1 1 1 0 6
573 1 1 0 1 1 0 0 4
574 1 0 1 0 0 0 0 2
575 1 1 1 1 1 1 1 7
576 1 0 1 1 1 1 0 5
577 1 0 1 1 0 1 0 4
578 1 1 1 1 1 1 0 6
579 1 1 1 0 0 1 0 4
580 1 1 0 1 0 1 0 4
581 1 1 1 1 0 1 0 5
582 1 1 0 1 1 0 1 5
583 1 1 1 0 1 0 0 4
584 1 1 0 1 1 0 1 5
585 1 1 1 0 1 0 1 5
586 1 1 1 1 1 1 1 7
587 1 1 1 1 0 1 1 6
588 1 1 1 1 1 1 0 6
589 1 1 1 1 0 0 0 4
590 1 0 1 1 1 0 0 4
591 1 1 1 1 1 1 0 6
592 1 1 0 1 0 0 1 4
593 1 1 1 1 1 1 1 7
594 1 1 1 0 1 1 1 6
595 0 1 1 0 0 1 0 3
596 1 1 1 0 1 1 0 5
597 1 1 1 1 0 1 1 6
598 1 1 1 1 0 0 0 4
599 1 1 1 0 1 0 0 4
600 1 1 1 0 1 0 1 5
601 1 1 1 0 0 0 0 3
602 1 1 1 1 1 0 1 6
603 1 1 1 1 1 0 0 5
604 1 1 1 1 0 1 1 6
605 1 1 0 1 1 0 0 4
606 1 1 1 1 1 1 1 7
607 1 1 1 1 1 0 0 5
608 0 1 0 0 1 0 0 2
609 1 1 1 1 0 0 0 4
610 0 1 1 0 0 1 0 3
611 1 1 1 1 1 1 0 6
612 1 1 0 1 1 0 0 4
613 1 1 1 1 1 1 0 6
614 1 1 1 0 1 1 0 5
615 1 1 1 1 0 1 0 5
616 1 1 1 0 1 0 0 4
617 1 1 1 0 0 1 0 4
618 1 1 0 1 0 0 0 3
619 1 1 1 1 1 0 0 5
620 1 1 1 1 1 0 0 5
621 1 1 1 0 0 1 1 5
622 1 1 1 1 0 0 1 5
623 1 1 1 1 1 0 0 5
624 1 1 0 1 1 1 0 5
625 1 1 1 0 0 0 0 3
626 1 1 1 1 1 0 0 5
627 1 1 0 1 0 0 0 3
628 1 1 1 1 0 0 0 4
629 1 0 1 1 0 0 0 3
630 1 1 1 1 0 0 1 5
631 1 1 1 0 1 0 0 4
632 1 1 0 1 1 0 0 4
633 1 1 1 1 0 1 0 5
634 1 1 1 1 0 1 0 5
635 1 1 0 1 1 0 0 4
636 1 1 1 1 0 1 1 6
637 1 1 1 1 1 1 0 6
638 1 1 1 1 0 0 1 5
639 1 1 1 1 1 0 0 5
640 1 1 0 1 1 1 0 5
641 1 1 1 1 1 0 1 6
642 0 1 0 1 0 0 0 2
643 1 0 1 1 1 1 0 5
644 1 1 0 1 1 1 0 5
645 1 0 0 1 1 1 0 4
646 1 1 1 1 1 1 0 6
647 1 1 1 1 0 0 1 5
648 1 1 0 1 1 0 0 4
649 1 1 1 1 1 1 1 7
650 1 1 1 0 1 0 0 4
651 1 1 1 1 0 0 0 4
652 1 1 0 0 0 0 1 3
653 1 1 1 1 1 0 0 5
654 1 1 1 1 0 0 0 4
655 1 1 1 1 1 0 1 6
656 1 1 0 0 1 0 0 3
657 1 1 1 1 1 0 0 5
658 1 0 1 1 0 1 0 4
659 1 1 1 1 0 1 1 6
660 1 0 1 0 1 0 0 3
661 1 1 0 1 0 0 1 4
662 1 1 1 1 1 0 0 5
663 1 1 1 1 1 0 0 5
664 1 1 0 1 1 1 1 6
665 1 1 1 1 1 0 1 6
666 1 1 1 1 1 1 0 6
667 1 1 1 1 1 1 0 6
668 1 1 0 1 1 1 0 5
669 1 1 1 1 1 1 0 6
670 1 1 1 1 0 1 0 5
671 1 1 1 1 1 1 1 7
672 1 1 1 1 1 1 1 7
673 1 1 1 0 1 0 0 4
674 1 1 1 1 1 1 0 6
675 1 1 1 1 0 1 1 6
676 1 1 0 1 1 0 1 5
677 1 1 1 1 0 0 0 4
678 1 1 1 1 1 0 1 6
679 1 0 1 1 1 0 0 4
680 1 1 0 0 0 1 0 3
681 1 1 1 1 0 0 0 4
682 1 1 1 1 1 0 0 5
683 1 1 0 1 1 1 0 5
684 1 1 0 0 0 0 0 2
685 1 1 1 1 0 0 1 5
686 1 1 1 1 0 1 0 5
687 1 1 0 1 1 1 1 6
688 1 1 1 1 0 1 0 5
689 1 1 0 1 0 0 1 4
690 1 1 1 1 0 0 0 4
691 1 1 1 1 1 1 1 7
692 1 1 0 1 1 1 1 6
693 1 0 1 1 1 1 0 5
694 1 1 1 1 1 0 0 5
695 1 1 1 1 0 1 0 5
696 1 0 0 1 1 1 0 4
697 1 1 1 1 0 1 1 6
698 1 1 1 1 0 1 0 5
699 1 1 0 1 1 1 1 6
700 1 1 1 1 1 1 0 6
701 1 1 1 1 1 0 1 6
702 1 1 1 1 1 1 0 6
703 1 1 1 1 1 1 0 6
704 1 1 1 1 0 0 0 4
705 1 1 0 1 1 1 1 6
706 1 1 1 0 1 0 1 5
707 1 1 1 1 1 0 0 5
708 1 1 1 0 0 1 0 4
709 1 1 1 1 1 0 1 6
710 1 0 0 1 1 0 0 3
711 1 1 1 1 0 1 0 5
712 1 1 0 1 0 0 1 4
713 1 1 1 1 0 1 0 5
714 1 1 1 1 1 1 0 6
715 1 1 1 1 1 1 0 6
716 1 1 0 1 0 0 0 3
717 1 1 0 0 1 1 0 4
718 1 1 1 1 0 0 0 4
719 1 1 0 1 1 1 1 6
720 1 1 1 1 1 1 0 6
721 1 1 1 1 1 0 0 5
722 1 1 1 1 0 0 0 4
723 1 1 1 1 0 0 0 4
724 1 1 0 0 1 1 0 4
725 0 1 1 1 0 0 1 4
726 1 0 1 0 1 0 1 4
727 1 1 1 1 1 0 0 5
728 1 1 1 1 1 1 1 7
729 1 1 0 1 0 1 1 5
730 1 1 1 1 1 1 1 7
731 1 1 1 1 0 1 0 5
732 1 1 1 1 0 0 0 4
733 1 1 1 1 0 0 1 5
734 1 1 1 1 0 0 0 4
735 1 1 1 0 0 1 0 4
736 1 1 0 1 1 1 1 6
737 1 1 1 1 0 0 0 4
738 1 1 1 1 1 1 0 6
739 1 1 0 1 1 1 1 6
740 1 1 1 1 0 1 0 5
741 1 1 0 0 1 1 0 4
742 1 1 1 0 0 1 1 5
743 1 1 0 1 1 1 1 6
744 1 1 0 1 1 1 1 6
745 1 1 1 0 1 0 0 4
746 1 1 1 1 0 1 0 5
747 1 1 1 1 0 0 1 5
748 1 1 1 0 1 1 0 5
749 1 1 0 1 0 1 0 4
750 1 1 1 0 1 1 0 5
751 1 1 0 1 1 1 1 6
752 1 1 1 1 1 1 1 7
753 1 1 1 1 0 0 0 4
754 1 1 1 1 1 0 1 6
755 1 1 1 1 1 1 0 6
756 1 1 1 1 1 1 0 6
757 1 1 1 1 1 0 1 6
758 1 1 1 0 0 0 1 4
759 1 1 1 1 1 1 0 6
760 1 1 1 1 0 1 0 5
761 0 0 1 1 1 0 0 3
762 1 1 1 0 1 1 0 5
763 0 1 1 1 1 0 1 5
764 1 1 1 1 1 1 1 7
765 1 1 0 1 1 1 0 5
766 1 1 1 0 0 1 0 4
767 1 1 1 1 0 0 0 4
768 1 1 0 1 1 0 0 4
769 1 1 0 0 0 1 1 4
770 1 0 1 0 1 1 0 4
771 1 1 1 0 0 0 1 4
772 1 1 1 1 0 0 0 4
773 1 1 1 1 1 0 0 5
774 0 1 1 1 0 1 0 4
775 1 1 1 1 0 1 1 6
776 1 1 1 1 1 1 0 6
777 1 1 0 1 1 0 1 5
778 1 1 1 0 0 1 0 4
779 1 1 1 1 1 0 0 5
780 1 1 1 1 1 1 0 6
781 1 1 1 1 1 1 1 7
782 1 1 0 1 0 1 0 4
783 1 1 1 0 0 1 1 5
784 1 1 1 1 1 0 1 6
785 1 1 0 1 0 0 1 4
786 1 1 0 1 1 0 1 5
787 1 1 0 1 1 1 0 5
788 1 1 1 0 1 1 0 5
789 1 1 1 1 1 0 0 5
790 0 1 0 1 1 1 1 5
791 1 1 1 1 0 1 0 5
792 1 1 1 0 1 1 0 5
793 1 1 0 0 1 0 0 3
794 1 0 1 1 0 1 0 4
795 1 1 1 1 1 0 1 6
796 1 1 1 1 1 1 0 6
797 1 1 1 1 1 1 1 7
798 1 1 1 1 0 1 0 5
799 1 1 1 1 0 1 0 5
800 1 1 1 1 1 1 0 6
801 1 1 1 1 1 0 1 6
802 1 1 1 0 1 1 1 6
803 1 1 1 1 1 0 1 6
804 1 1 1 1 1 1 1 7
805 1 1 0 1 1 0 0 4
806 1 1 1 1 0 1 0 5
807 1 1 1 1 0 1 0 5
808 1 1 1 1 1 1 1 7
809 1 1 1 1 0 1 1 6
810 1 1 1 1 1 0 0 5
811 1 1 1 1 0 0 1 5
812 1 1 1 1 0 1 1 6
813 1 1 1 1 0 0 0 4
814 1 1 1 1 1 1 1 7
815 1 1 1 1 0 0 1 5
816 1 1 0 1 1 0 0 4
817 1 1 0 1 1 0 0 4
818 1 0 1 1 1 1 0 5
819 1 1 1 1 0 1 0 5
820 1 1 1 1 1 0 1 6
821 1 1 1 1 0 0 1 5
822 1 1 1 1 1 0 0 5
823 1 1 1 1 1 0 1 6
824 1 1 0 1 0 1 1 5
825 1 1 0 1 0 0 0 3
826 1 1 0 1 1 1 0 5
827 1 1 0 1 1 0 1 5
828 0 0 0 0 0 0 0 0
829 1 0 0 0 0 0 0 1
830 0 1 0 0 0 0 0 1
831 0 1 0 1 0 0 0 2
832 0 0 0 0 1 0 0 1
833 0 1 0 0 0 0 0 1
834 0 0 0 0 0 0 0 0
835 0 0 1 0 0 0 0 1
836 0 0 0 0 0 0 0 0
837 0 0 0 0 0 0 0 0
838 0 0 0 0 0 0 0 0
839 0 0 0 0 0 0 0 0
840 1 1 1 0 0 0 0 3
841 1 0 0 0 0 0 0 1
842 0 1 0 0 0 0 0 1
843 0 0 0 0 0 0 0 0
844 0 0 0 0 0 0 0 0
845 0 0 0 0 0 0 0 0
846 1 0 1 0 0 0 0 2
847 0 0 0 0 0 0 0 0
848 0 0 0 0 0 0 0 0
849 0 0 0 0 0 0 0 0
850 0 1 0 0 0 0 0 1
851 1 0 0 0 0 0 0 1
852 1 0 0 0 0 0 0 1
853 0 0 0 0 0 0 0 0
854 0 0 0 0 0 0 0 0
855 0 0 0 1 0 0 0 1
856 0 1 0 0 0 0 0 1
857 1 0 1 0 0 0 0 2
858 0 0 0 0 0 0 0 0
859 1 1 0 0 0 0 0 2
860 0 0 1 0 0 0 0 1
861 0 0 0 0 0 0 0 0
862 0 0 1 0 0 0 0 1
863 0 0 0 0 0 0 0 0
864 1 0 1 1 0 0 0 3
865 1 1 0 1 0 0 0 3
866 0 1 1 0 0 0 0 2
867 0 0 0 1 0 0 0 1
868 0 0 0 1 0 0 0 1
869 0 1 0 1 0 0 0 2
870 1 1 0 0 0 0 0 2
871 0 1 1 0 0 0 0 2
872 1 0 0 1 0 0 0 2
873 1 1 1 1 0 0 0 4
874 0 0 0 0 0 0 0 0
875 1 0 1 0 0 0 0 2
876 0 0 0 0 0 0 0 0
877 1 0 0 0 0 0 0 1
878 1 1 1 0 0 0 0 3
879 0 1 0 1 0 0 1 3
880 1 0 0 0 0 0 0 1
881 0 0 0 0 0 0 0 0
882 1 0 1 1 0 0 0 3
883 1 0 0 0 0 0 0 1
884 0 1 0 0 0 0 0 1
885 1 0 1 1 0 0 0 3
886 1 1 1 0 0 0 0 3
887 1 1 1 0 0 0 0 3
888 1 1 0 1 0 0 0 3
889 1 0 1 1 0 0 0 3
890 0 0 0 1 0 0 0 1
891 1 1 0 0 0 0 0 2
892 1 0 0 0 0 0 0 1
893 1 1 0 0 0 0 0 2
894 0 1 0 0 0 0 0 1
895 1 0 0 1 0 1 0 3
896 1 0 0 0 0 0 0 1
897 1 0 1 1 0 0 0 3
898 1 0 1 0 0 0 0 2
899 0 0 0 0 0 0 0 0
900 1 0 0 0 0 0 0 1
901 0 0 0 0 0 0 0 0
902 1 0 1 0 0 1 0 3
903 1 0 0 0 0 0 0 1
904 1 0 0 0 0 0 0 1
905 1 1 0 0 0 0 1 3
906 1 1 0 0 0 0 0 2
907 1 1 0 0 0 0 0 2
908 1 0 1 0 1 0 0 3
909 1 0 0 0 0 0 0 1
910 0 1 0 0 0 1 0 2
911 0 1 0 0 0 0 0 1
912 1 1 1 0 0 0 0 3
913 0 1 0 0 0 0 0 1
914 1 0 1 0 0 0 0 2
915 0 0 1 0 0 0 0 1
916 1 1 0 1 0 0 0 3
917 1 0 0 0 0 0 0 1
918 1 1 1 1 0 0 0 4
919 0 0 0 0 0 0 0 0
920 1 0 0 0 0 0 0 1
921 1 0 0 1 0 0 0 2
922 1 1 0 0 1 0 0 3
923 0 0 0 0 0 0 0 0
924 1 1 0 1 0 0 0 3
925 0 0 1 0 0 0 0 1
926 0 0 1 0 1 0 0 2
927 0 0 0 0 0 0 0 0
928 0 1 0 0 0 0 0 1
929 0 0 1 0 0 0 0 1
930 1 0 0 1 0 0 0 2
931 1 1 0 1 1 0 0 4
932 1 0 0 0 0 0 0 1
933 1 0 0 1 0 0 0 2
934 1 0 0 0 1 1 0 3
935 0 0 1 0 0 0 0 1
936 0 0 1 0 0 0 0 1
937 0 1 0 0 0 0 0 1
938 0 0 0 0 0 0 0 0
939 1 1 0 0 0 0 0 2
940 0 0 0 0 0 0 0 0
941 1 0 0 0 0 0 0 1
942 1 1 0 0 0 0 0 2
943 1 0 1 0 0 0 0 2
944 0 1 0 0 1 0 0 2
945 1 0 0 0 0 1 0 2
946 0 0 0 0 0 0 0 0
947 1 1 1 0 0 1 1 5
948 0 0 1 0 0 0 0 1
949 1 0 0 0 0 0 0 1
950 1 1 0 0 1 0 0 3
951 1 1 0 1 0 0 0 3
952 1 0 1 0 0 0 0 2
953 1 1 1 1 0 0 0 4
954 0 0 0 0 0 0 0 0
955 0 0 0 0 1 0 0 1
956 1 0 0 0 1 0 0 2
957 1 1 0 0 0 0 0 2
958 1 1 1 0 1 0 0 4
959 1 1 0 0 0 0 0 2
960 1 1 1 0 1 0 0 4
961 1 0 1 1 0 0 0 3
962 1 1 0 0 0 1 0 3
963 1 0 0 1 0 0 0 2
964 1 0 0 0 0 0 0 1
965 1 1 0 0 1 0 0 3
966 1 1 1 0 0 0 0 3
967 1 1 0 0 0 0 0 2
968 0 1 0 0 1 0 0 2
969 1 0 1 1 0 0 0 3
970 0 0 0 1 0 0 0 1
971 0 1 1 0 0 0 0 2
972 1 0 0 0 0 0 0 1
973 1 0 0 0 0 0 0 1
974 1 0 1 0 0 0 0 2
975 1 0 0 0 0 0 0 1
976 0 0 1 1 0 0 0 2
977 1 1 0 0 0 1 0 3
978 1 1 0 0 0 0 0 2
979 0 1 1 0 0 0 0 2
980 0 1 0 0 0 0 0 1
981 0 1 0 0 0 0 0 1
982 0 1 0 0 0 0 0 1
983 0 1 0 0 0 0 0 1
984 1 0 1 0 0 0 0 2
985 1 0 0 0 0 0 0 1
986 1 0 0 0 0 0 0 1
987 1 0 1 0 0 0 0 2
988 0 0 0 0 0 0 0 0
989 1 1 0 0 0 0 0 2
990 1 1 1 0 0 0 0 3
991 0 0 0 0 0 0 0 0
992 1 1 0 0 0 0 0 2
993 1 0 0 0 0 1 0 2
994 1 0 0 0 0 0 0 1
995 0 1 1 0 0 0 0 2
996 1 0 0 0 0 0 0 1
997 1 1 0 1 0 0 0 3
998 1 0 0 0 0 0 0 1
999 0 0 0 0 1 0 0 1
1000 1 0 1 1 1 0 0 4
1001 1 0 1 0 0 0 0 2
1002 1 0 1 0 0 0 0 2
1003 1 0 1 0 0 0 0 2
1004 0 1 0 0 1 0 0 2
1005 0 1 1 0 0 0 0 2
1006 1 0 0 0 0 0 0 1
1007 1 1 0 1 0 0 0 3
1008 0 0 1 0 1 0 0 2
1009 0 1 0 0 0 0 0 1
1010 1 0 0 0 0 0 1 2
1011 1 0 1 0 0 0 0 2
1012 1 1 1 0 0 1 0 4
1013 0 0 1 1 0 1 0 3
1014 1 0 0 0 0 0 0 1
1015 1 1 1 0 1 0 0 4
1016 0 1 0 1 0 0 1 3
1017 0 1 0 1 0 0 1 3
1018 0 1 0 0 0 0 0 1
1019 0 0 1 0 0 0 0 1
1020 1 1 0 0 0 0 0 2
1021 0 0 0 0 0 0 0 0
1022 1 1 0 0 0 1 0 3
1023 0 0 0 0 0 0 1 1
1024 0 1 0 0 0 0 0 1
1025 1 0 0 0 0 0 0 1
1026 0 1 0 0 0 0 0 1
1027 1 0 0 0 0 0 0 1
1028 1 1 0 1 0 0 0 3
1029 0 1 1 1 0 0 0 3
1030 0 1 0 0 0 0 0 1
1031 0 1 1 0 0 0 0 2
1032 0 1 1 1 0 0 0 3
1033 0 1 1 0 1 0 0 3
1034 1 1 1 0 0 0 0 3
1035 1 1 1 0 0 0 0 3
1036 1 0 0 1 0 0 1 3
1037 0 0 0 1 0 0 0 1
1038 1 1 1 0 0 0 0 3
1039 0 1 0 0 0 1 0 2
1040 1 1 0 1 1 0 0 4
1041 1 1 0 1 1 0 0 4
1042 1 1 0 0 0 0 0 2
1043 0 1 0 0 0 1 0 2
1044 1 1 0 0 0 0 0 2
1045 0 0 0 1 0 0 0 1
1046 0 1 1 0 0 0 0 2
1047 0 0 0 0 0 0 0 0
1048 1 0 1 0 0 0 0 2
1049 1 1 0 1 0 0 0 3
1050 0 0 0 0 1 0 0 1
1051 1 0 0 0 0 0 0 1
1052 1 1 0 0 0 0 0 2
1053 0 0 1 1 0 0 0 2
1054 1 0 0 0 0 0 0 1
1055 1 0 1 0 0 0 0 2
1056 1 0 0 1 0 0 0 2
1057 0 1 1 0 0 0 0 2
1058 0 0 1 1 1 0 0 3
1059 0 1 1 0 1 0 0 3
1060 0 0 0 0 0 0 0 0
1061 0 0 1 0 0 0 0 1
1062 1 1 0 0 1 0 0 3
1063 0 1 0 0 0 0 0 1
1064 0 0 0 1 0 0 0 1
1065 0 0 1 0 0 0 0 1
1066 0 1 0 0 0 0 0 1
1067 1 1 0 0 1 0 0 3
1068 1 0 1 0 0 0 0 2
1069 0 1 1 0 0 0 0 2
1070 0 0 1 0 0 0 0 1
1071 0 1 0 0 1 0 0 2
1072 0 0 0 1 0 0 0 1
1073 1 1 1 0 0 0 0 3
1074 1 0 1 1 0 0 0 3
1075 1 0 0 0 0 0 0 1
1076 1 1 0 0 0 0 0 2
1077 1 0 1 0 0 0 0 2
1078 0 1 1 1 1 0 0 4
1079 0 1 0 0 0 0 0 1
1080 1 1 0 0 0 0 0 2
1081 1 1 0 1 0 0 1 4
1082 1 0 1 0 0 0 1 3
1083 1 1 1 1 0 0 0 4
1084 1 0 1 0 0 0 0 2
1085 0 0 0 1 0 0 0 1
1086 1 0 0 1 0 0 0 2
1087 1 1 0 0 0 0 0 2
1088 0 1 1 0 1 1 1 5
1089 0 1 0 0 1 0 0 2
1090 1 1 0 1 0 0 0 3
1091 0 0 0 0 0 0 0 0
1092 0 1 1 1 0 0 0 3
1093 1 0 0 1 0 0 0 2
1094 0 1 0 0 0 0 0 1
1095 0 0 0 0 0 0 0 0
1096 0 1 0 0 0 0 0 1
1097 1 1 1 0 0 0 0 3
1098 0 0 0 0 1 0 0 1
1099 1 0 0 0 0 0 0 1
1100 1 1 0 0 0 0 0 2
1101 1 0 1 0 0 0 1 3
1102 0 0 1 1 0 0 0 2
1103 1 0 0 0 0 0 0 1
1104 1 1 0 0 0 0 0 2
1105 1 1 0 0 0 0 0 2
1106 0 1 0 0 0 0 0 1
1107 1 1 1 0 0 0 0 3
1108 0 1 0 0 0 0 0 1
1109 0 0 0 0 0 0 0 0
1110 1 1 1 0 0 0 0 3
1111 1 0 0 0 0 0 0 1
1112 1 1 0 1 0 0 0 3
1113 1 0 1 1 1 0 0 4
1114 0 1 1 0 0 0 0 2
1115 1 1 0 0 0 0 0 2
1116 1 0 0 0 0 0 0 1
1117 1 0 0 0 0 0 0 1
1118 1 0 0 0 1 0 1 3
1119 1 0 1 1 0 0 0 3
1120 1 0 0 0 0 0 0 1
1121 0 0 0 0 0 0 0 0
1122 1 1 0 0 0 0 0 2
1123 0 0 1 0 0 0 0 1
1124 1 1 0 0 0 0 0 2
1125 0 1 0 0 0 0 0 1
1126 1 1 0 0 1 0 0 3
1127 1 1 1 0 0 0 0 3
1128 0 1 0 0 0 0 0 1
1129 0 0 1 0 0 0 0 1
1130 0 0 0 0 0 0 0 0
1131 1 1 1 0 0 0 0 3
1132 1 1 1 0 0 0 0 3
1133 0 1 1 0 0 0 0 2
1134 1 1 0 0 0 1 0 3
1135 1 1 0 0 0 0 0 2
1136 1 1 1 1 1 0 0 5
1137 1 0 0 0 0 1 0 2
1138 1 0 1 0 0 1 0 3
1139 1 0 0 1 0 0 0 2
1140 1 0 0 0 0 0 0 1
1141 1 0 0 0 0 0 0 1
1142 1 1 0 0 1 0 0 3
1143 0 1 0 0 0 0 0 1
1144 1 0 1 0 0 0 0 2
1145 1 0 0 0 0 0 0 1
1146 1 0 0 0 0 0 0 1
1147 0 0 0 0 0 0 0 0
1148 1 1 1 0 0 0 0 3
1149 1 1 0 1 0 0 0 3
1150 0 0 1 1 1 0 0 3
1151 1 0 0 0 0 0 0 1
1152 0 1 0 0 0 1 0 2
1153 0 1 0 1 0 0 0 2
1154 1 1 0 1 0 0 0 3
1155 1 0 1 0 0 1 0 3
1156 1 0 0 0 1 1 0 3
1157 0 0 0 0 1 0 1 2
1158 0 1 0 1 0 0 0 2
1159 0 1 0 0 0 0 0 1
1160 1 1 0 1 0 0 1 4
1161 1 1 1 0 0 1 0 4
1162 1 1 0 0 0 0 0 2
1163 0 1 0 0 0 0 0 1
1164 1 0 0 0 0 0 0 1
1165 1 0 0 0 0 0 0 1
1166 1 0 0 0 0 0 0 1
1167 1 1 0 1 0 0 0 3
1168 0 0 0 0 0 0 0 0
1169 1 1 0 1 0 0 0 3
1170 1 1 0 0 0 0 0 2
1171 1 1 0 0 0 0 0 2
1172 1 0 0 1 0 0 0 2
1173 1 1 1 0 0 0 0 3
1174 0 1 1 0 0 0 0 2
