   1    1.0000    6.9932
   2    1.0000    8.5881
   3    1.0000   13.4323
   4    1.0000    9.9919
   5    1.0000   12.5794
   6    1.0000    9.8202
   7    1.0000    5.9120
   8    1.0000   12.6914
   9    2.0000   11.7093
  10    2.0000   13.6026
  11    2.0000    5.7855
  12    2.0000   18.1397
  13    2.0000   11.9119
  14    2.0000   15.1345
  15    3.0000   15.9656
  16    3.0000   13.2573
  17    3.0000   19.2098
  18    3.0000   16.4873
  19    3.0000   15.1323
  20    4.0000   18.0590
  21    4.0000   16.5153
  22    4.0000   14.8096
  23    4.0000   21.3175
  24    4.0000   20.1913
  25    5.0000   23.3646
  26    5.0000   22.1642
  27    5.0000   25.6677
  28    5.0000   17.4811
  29    5.0000   21.6794
  30    6.0000   22.5306
  31    6.0000   27.1739
  32    6.0000   27.0501
  33    6.0000   27.6059
  34    6.0000   24.7060
  35    7.0000   27.6154
  36    7.0000   20.9475
  37    7.0000   24.7035
  38    7.0000   29.8914
  39    7.0000   30.4589
  40    7.0000   27.7136
  41    7.0000   29.2396
  42    7.0000   25.5677
  43    8.0000   27.7231
  44    8.0000   29.1709
  45    8.0000   26.4137
  46    8.0000   33.2086
  47    8.0000   26.4249
  48    8.0000   28.6828
  49    9.0000   30.8525
  50    9.0000   26.7748
  51    9.0000   30.6680
  52    9.0000   31.8414
  53    9.0000   34.1360
  54    9.0000   29.4246
  55    9.0000   26.6810
  56   10.0000   33.6847
  57   10.0000   30.9384
  58   10.0000   29.7197
  59   10.0000   30.7232
  60   11.0000   27.6910
  61   11.0000   26.4231
  62   11.0000   31.6701
  63   11.0000   24.4004
  64   12.0000   32.3834
  65   12.0000   29.1856
  66   12.0000   33.7193
  67   12.0000   33.4833
  68   12.0000   27.8160
  69   12.0000   33.1183
  70   13.0000   29.2915
  71   13.0000   26.6643
  72   13.0000   31.6886
  73   13.0000   35.9410
  74   13.0000   32.8677
  75   13.0000   31.6469
  76   14.0000   26.8895
  77   14.0000   33.9803
  78   14.0000   34.4546
  79   14.0000   34.2002
  80   14.0000   34.3292
  81   14.0000   28.8635
  82   14.0000   37.0979
  83   15.0000   28.4602
  84   15.0000   28.6511
  85   15.0000   31.3112
  86   15.0000   30.1908
  87   15.0000   33.2605
  88   15.0000   34.1922
  89   16.0000   28.1185
  90   16.0000   25.4890
  91   16.0000   30.0643
  92   16.0000   30.0113
  93   16.0000   29.2620
  94   16.0000   29.6295
  95   17.0000   28.4463
  96   17.0000   26.0158
  97   17.0000   26.6765
  98   17.0000   30.9300
  99   17.0000   30.3200
 100   17.0000   27.7245
