  1  1    .406  -3.528   1.955
  2  1  -2.934  -2.619  -2.555
  3  1    .412   1.462   -.786
  4  1   4.130  -1.056   -.930
  5  1  -3.509   3.876    .779
  6  1   2.980  -1.459   1.887
  7  1    .545   1.910  -1.201
  8  1   -.082  -2.619   -.102
  9  1   -.113  -2.942    .312
 10  1   2.373   1.118   3.709
 11  2    .994   3.109   4.640
 12  2   2.587   -.764   2.273
 13  2   3.219  -3.778    .366
 14  2   1.546   3.441   -.862
 15  2    .565    .432    .456
 16  2   -.631    .074  -1.188
 17  2    .508   -.992  -1.482
 18  2   -.406   1.494  -2.723
 19  2   -.160   -.419  -3.213
 20  2   -.010  -1.204  -1.617
 21  3   3.787  -3.392  -2.437
 22  3   -.561   1.421   1.828
 23  3    .503  -4.285   4.006
 24  3    .034  -2.931   1.193
 25  3   -.149   -.584    .726
 26  3    .214  -3.367    .299
 27  3  -2.587   -.092  -1.743
 28  3    .436   -.372  -3.438
 29  3   -.326    .024  -2.040
 30  3    .358  -3.423   1.526
 31  4   3.024   -.363   1.268
 32  4   2.541    .789   -.802
 33  4   -.896    .817  -5.109
 34  4  -2.871  -3.613  -1.562
 35  4   1.087    .926  -2.267
 36  4  -1.752  -2.339  -1.117
 37  4   -.626   1.349   -.546
 38  4  -2.723   1.065  -1.115
 39  4   1.146   -.285    .436
 40  4   3.627   -.162   -.626
 41  5   2.480   1.425   -.047
 42  5  -1.482   1.350  -1.060
 43  5  -1.963   1.561    .704
 44  5    .795  -2.056   -.664
 45  5   -.179   3.034  -1.327
 46  5  -1.458  -2.575  -2.966
 47  5   -.978    .286   -.504
 48  5   -.442    .521  -1.783
 49  5  -2.152    .888  -3.112
 50  5   2.360   2.654  -2.186
 51  6  -1.665  -1.475  -1.922
 52  6   -.299  -3.091   -.215
 53  6    .815  -1.540  -1.624
 54  6   1.903   -.513  -1.427
 55  6  -5.114    .016  -1.008
 56  6   1.165  -1.531    .307
 57  6    .132   1.298    .011
 58  6   -.845   2.994   -.472
 59  6   -.163  -4.391   2.329
 60  6   -.763   -.673   2.393
 61  7   2.021   2.125   -.800
 62  7  -1.913    .740    .523
 63  7  -3.607    .400    .456
 64  7    .711    .225  -2.570
 65  7  -4.000   3.090  -1.022
 66  7  -4.002    .313    .397
 67  7   1.820   4.904    .783
 68  7  -4.174   -.045    .388
 69  7  -1.550   -.816  -1.949
 70  7   -.305   6.067  -1.944
 71  8   2.536  -1.691  -3.691
 72  8   -.082    .464  -4.468
 73  8    .461   -.776  -2.571
 74  8   1.242   1.020   -.991
 75  8    .586   1.025  -1.055
 76  8  -1.576  -1.229    .867
 77  8   -.919   2.228  -1.003
 78  8    .330  -3.398   -.427
 79  8   2.825    .358   1.515
 80  8    .754   2.890    .035
 81  9    .031   3.267  -1.830
 82  9   2.271    .654   -.979
 83  9    .114  -2.108    .674
 84  9    .639   1.635   -.565
 85  9  -3.809   2.744  -1.101
 86  9   3.911  -2.307  -1.166
 87  9   2.950  -2.072    .054
 88  9  -1.698    .915   2.479
 89  9   2.098  -1.138   1.254
 90  9  -1.100    .440    .889
 91 10    .568    .841   2.628
 92 10    .650   3.267   4.723
 93 10  -2.450   1.121   5.121
 94 10   2.634   -.438   6.567
 95 10  -2.566   1.285   5.111
 96 10    .532  -1.066   5.463
 97 10  -3.858   1.128   3.926
 98 10   -.289  -3.293   5.280
 99 10   -.716    .561   4.257
100 10    .096   1.767   1.126
