276101325 2232190235326296662  15111112222122122222333333222222112111221111111111222233344523164222142 59.8646573591.8794701.016666 58.88327016611.13383110.202162     9.144153 9.601462     7.11411334 744.166675.00241
276 80111 53331952703191 2222  18111112323122122122222222211323111211111111111111112223223318183122142121.7936133166.6339541.016666119.79699707310.868101 9.720122    11.337742 9.601462     7.11411323 877.500005.00141
276173                                                                                             142 64.2184504045.7623801.016666 63.165689156                                                                      41
276 34121 64331902253111 1222   81111121121222122222323232212112221111111112211112233332344 4 43122142 92.9477571858.9551541.016666 91.42402405611.44471111.361041    10.397372 9.934291     8.66466323 712.500005.00241
276194132 7433185225211296662   61221122291221112112212223122211122111121112211111112221233 7 73211142110.3754612207.5092361.016666108.56602813010.63402210.202162    12.272232 9.934291     9.13106314 693.750005.50241
276189111 74931802753111 2112  151111211111111122211222291112121112112224114411112233443445 2 23212142147.1672823384.8474951.016666144.75470403013.02750113.750081    12.29157210.697971    11.21588223 825.000005.00141
276206131 74331822453111 2212  181111133321421122113212121112121112111132114411111122222222 5 53122142262.2073233408.6952081.016666257.90884304910.055412 7.782702    12.59338210.697971    10.96860213 743.166675.00141
276 36132 7433186252311296662   22232214341221222242222222112121133111111114411119223352545 6 23929142262.2073231573.2439421.016666257.908843149 9.585652 9.258852    10.397372 9.601462    10.17734214 781.200005.00241
276 38141 74331872703261 1112  27111111111111112222232322211111111111112211321111111212222211113222142262.2073231573.2439421.016666257.90884312014.49613113.750081    10.71295212.985391     9.87201213 841.500005.00941
276150112 75332002703111 1112  151121121111211123223323221112121112111111111111111112222333 8 83122142176.6007391942.6081291.016666173.70564502011.82273111.361041    10.39737210.697971     7.11411323 900.000005.00141
276 14141 44331952403111 1212   2111111213121111221111323211222111211113221321111122344445510103212142141.2805913390.7341901.016666138.96451614312.31260111.361041    12.27223210.295561    10.45638213 780.000005.00341
276 69121 6433187270311296662  101112222231211122212213222113121112111112112111119999999999 5 53222142113.9359602620.5270941.016666112.06815804310.86810110.202162    11.64774210.295561     8.66466324 841.500005.00141
276 18111 74331882703111 3112  121111122292211223223323222112211112112213114211111122121233 8 84922142 98.1115213924.4608641.016666 96.50313603911.13383110.202162     9.76546210.697971    10.17734222 846.000005.00241
276195111 72331872703111 3112   0111112333142222223321223311222111211111111221111111113112316163122142 86.1467023445.8680801.016666 84.73446113910.055412 8.314082    10.08096210.295561     8.66466322 841.500005.00441
276 19231 64331862703111 3112   4111112139231222222232222211211111211111111111111192223233325193212142 75.1492502705.3730331.016666 73.91729611610.634022 9.720122    10.71295211.172961     7.11411312 837.000005.00341
276 65131 6433174270312296662  22112222334131222233322323223321333321222111211191999999999910 93122142 58.8669134061.8170221.016666 57.901882016 9.890052 8.797302     9.452762 7.603603     8.66466314 783.000005.00241
276122241 64332002553111 3222  201121122232111222211222222113221122111132113211111112232344 8 83112142 41.5531152617.8462831.016666 40.8719170 911.13383110.735772    11.647742 9.601462    10.17734212 850.000005.00241
276148111 7233195248311296662  30111112212111111122121212221222212211314311211111122223223412123222142160.5461265137.4760541.016666157.9142231 912.31260111.361041    12.927131 9.292582    10.17734224 806.000005.00141
276171111 74922002253111 3112  18111212211112122222132322221422213311111111111111112223344413133222142100.9147081715.5500441.016666 99.26036915911.44471111.361041    10.712952 8.295142     7.11411322 750.000005.00141
276 62114 64331902253111 4112   02111122141222121232313132112121121111111111111111132241333 7 73212142 58.8669131766.0074011.016666 57.90188205910.86810110.735772    11.02647210.697971     7.11411322 712.500005.00441
276 24121 74331992703111 1312  22111111112322122232332322211222112212111111111111112222233413131122142262.2073236292.9757691.016666257.90884315511.44471112.198531     9.765462 9.934291     7.11411323 895.500005.00141
276 66111 6433190225311296662   41131424441211113221233232113222123314114113311111122222223 0 02222142 86.1467024824.2153121.016666 84.734461055 9.585652 8.314082    10.712952 8.510762    10.45638224 712.500005.00341
276132321 6433999270326296662  20111122222112122223232332211212111211112111429999999999999916143122142 44.1501842560.7107011.016666 43.42641115311.13383110.735772     9.76546210.697971     9.872012349999.000005.00241
276141112 6433173255311296662  202331233333232233212312133223222223111211111121112344332434 4 43212142 56.0637262186.4853321.016666 55.144649053 8.907342 8.797302    10.397372 8.295142     7.11411324 735.250005.00241
276111222 74331712253111 3212  302141332112431222312213222223231123121211119211112222233344 3 33112142 73.5836413973.5166241.016666 72.377352044 9.304842 9.258852    11.026472 8.510762     8.46044322 641.250005.00141
276 32                                                                                             142 92.9477571208.3208501.016666 91.424024144                                                                      41
276129212 7433190270326296662  232223443232421222222323233222122112111111111111111223343354 4 43122142110.3754614194.2675481.016666108.566028175 8.779232 7.782702     9.765462 9.601462     7.11411324 855.000005.00141
276 96111 11331923423261 2112  221121322242111333231122322112111111111122114311123343453555 1 13222142153.5658603378.4489221.016666151.04838707510.63402210.735772    10.08096211.807101    10.456382231094.400005.00141
276 84311 7533172225326296662  122123222211232332435499333113932232221333113111112222232333 2 23212142262.2073233933.1098551.016666257.908843132 9.73450210.202162     6.304323 8.306642    10.17734234 645.000005.00141
276116212 65332102703261 3112  151132223141211222223223333211111111111111111111112222333444 5 53222142 88.3003704768.2199821.016666 86.85282305010.42394210.202162     9.45276211.807101     7.11411322 945.000005.00241
276 52313 11331892253261 3112   24432444441434123224514331332122222111111111111112223233344 5 53222142 78.4892173924.4608741.016666 77.202509150 7.263192 4.822383     9.144153 8.510762     7.11411332 708.750005.00341
276  4131 12331982253111 2112  20312223422124222224222222212212111222111211421111112223334411 13222142 72.0819343027.4412301.016666 70.9002630 2 9.170492 8.797302    10.397372 9.934291     9.87201213 742.500005.00141
276139233 1233195270311296662   41122123411232222233313122211211211111111114111112232233344 2 29222142 65.4076812877.9379661.016666 64.3354241 2 9.734502 8.797302    10.39737210.697971     9.13106314 877.500005.00341
276 22195 64331902703111 4412  123232233331232333333323332223232233133211111111111222231133 2 23122142 56.0637263027.4412301.016666 55.144649169 9.038762 8.797302     7.939953 7.920962     7.11411392 855.000005.00241
276 68131 32331962703111 3122  481121123221111233232213333112111112111143114311111122233444 1 13122142 49.7466872835.5611851.016666 48.93116806911.13383110.202162     9.14415311.172961    11.21588212 882.000005.00141
276125233 2233261270326296662  682132333241232222232222323213332222111222113211111222333555 4 43122142 42.0477952270.5809361.016666 41.358487127 9.304842 9.258852    10.080962 8.295142     9.872012141174.500005.00141
276163113 23331862703111 3112  102121322242221222223223222222221222211211111111111122333333 3 33212142 30.7131712948.4644751.016666 30.20967702710.05541210.202162    10.397372 8.747752     7.11411322 837.000005.00341
276135232 74332062403111 3212   41111233211322222233222223112122111111232113211112223333344 5 13222142 80.2730622087.0996341.016666 78.9571111 110.055412 8.797302    10.08096210.697971    10.17734212 824.000005.00341
276198141 74332002503111 3112  151111122211111122222222221111121122111111111111111132232434 1 13222142130.8153622223.8611561.016666128.6708480 111.82273110.735772    11.64774210.697971     7.11411312 833.333335.00141
276181121 74339992503111 1112  101111222111111212232332222111111122111111113311111122231344 9 93212142262.2073231835.4512661.016666257.90884303711.82273111.361041    10.39737211.172961     9.527672239999.000005.00141
276162131 64332882253111 2212  139941321222212112222212223111111112121222112111111222333234 2 24122142147.1672825592.3567311.016666144.754704137 9.88119210.735772    11.64774211.807101     9.131063131080.000005.00241
276152222 52121902253111 3112  301121311122222223223323332132221122111233213211111122232244 4 43212142 80.2730623371.4686391.016666 78.95711102810.63402212.198531     9.144153 9.292582    10.71757222 712.500005.00141
276205231 62322702703111 2212  581111111141221122222313323222212222122233224411112233442555 7 73222142 50.4573532522.8676861.016666 49.63018412812.31260112.198531    10.397372 9.008132    11.721252131215.000005.00141
276136                                                                                             142 92.9477573346.1192781.016666 91.424024010                                                                      41
276 17131 2233200270311296662  14132123423134222222332333311322213221121111111111111233334415 54122142160.5461264334.7454211.016666157.914223110 9.170492 8.314082     9.144153 8.747752     7.11411314 900.000005.00141
276186211 75321803003111 2112  10221121114111112232343423222433322321911111111111112223233224241299142117.7338252354.6765141.016666115.8037631 811.82273113.750081     8.839933 7.458553     7.11411323 900.000005.00141
276 73121 64331832703111 3412  252211111111211122211222222212211112111111111111112133333344 9 91222142 95.4598584200.2337831.016666 93.8949430 811.82273112.198531    11.95831210.295561     7.11411322 823.500005.00141
276 72313 13121932253111 1222  12333223123112212222244433222333223221111111112111221111111124 51222142 80.2730623532.0147651.016666 78.957111070 9.58565210.735772     8.839933 7.756312     7.11411333 723.750005.00241
276 78991 54331832253111 2112  14111111221199922222322322211111111111112211441111111112112212 61222142 60.8968062923.0467021.016666 59.89849817011.72747110.792872    10.39737212.985391    10.71757293 686.250005.00241
276  1331 43329992253111 4412  17222232121322322222332233222321112211221111111111222212222224231222142 46.4738782137.7984271.016666 45.712012047 9.44284210.735772     9.765462 9.292582     7.114113229999.000005.00241
276108141 3232200270311296662  181121122241332222323223232112211111121111111111112233332345 6 43212142 55.1877302980.1374681.016666 54.28301414710.232392 9.720122     9.76546211.172961     7.11411314 900.000005.00241
276 53211 64321892703111 3112   4211112332121122232332332311212112211111111211111212324345412 13122142 92.9477572602.5372161.016666 91.42402406710.634022 9.258852     9.14415310.295561     8.08353322 850.500005.00341
276 39321 64331852703111 2112   8111112211122112222232323122212222311113211331111212333334525251122142141.2805913390.7341901.016666138.96451616711.44471110.735772    10.712952 8.747752    10.45638233 832.500005.00241
276117291 74331802503261 2212   82122313221211222222313233212211112121111111111111112222234 1 11222142262.2073236817.3904161.016666257.90884316210.23239210.202162    10.08096210.295561     7.11411393 750.000005.00241
276 54111 74332603903111 2112  18213223221122223223332333211211111211211111111111111111112212121122142126.1433854288.8751011.016666124.075461062 9.734502 9.720122     8.83993311.172961     7.114113231690.000005.00141
276138341 5333182270311296661  20111111121132122212222223222221121211113211221111122222323225251122142 86.1467023273.5746761.016666 84.73446106111.44471110.735772    11.026472 9.601462     9.87201224 819.000005.00141
276192231 7433220270326296662  11121111433933319999999999911221111119991111221111112223332225171222142 59.8646571616.3457611.016666 58.883270161 9.578272 8.797302999999.00000911.172961     8.66466314 990.000005.00241
276 15322 64331962703111 3112  281111111111111222331223232112211132111211114112111112122323 6 61222142 58.8843744239.6749281.000000 58.88437416414.49613113.750081    10.080962 9.934291     9.13106332 882.000005.00241
276 56212 1133200270311296662  161223222212221223323333323114121112211111111111111123332244 2 23222142102.6270522463.0492481.000000102.627052064 9.89005210.202162     8.539233 9.601462     7.11411324 900.000005.00141
276  7414 113319030031129666999991142322241221223234444332212112123111111111111111111121133 6 63111142 57.9346262780.8620481.000000 57.934626112 9.89005210.202162     7.323603 9.601462     7.11411334 950.000005.00941
276  8221 1133205270326296662  222412323231122232323333332223232233211221112111111223333344 1 13222142 47.2624582410.3853581.000000 47.262458012 9.58565210.202162     8.539233 7.756312     8.66466324 922.500005.00241
276 98131 1233160300311296662  24113233222122123222122322222322223211323211331112222333344430303222142 28.0620842581.7117281.000000 28.062084048 9.890052 9.720122    10.712952 8.295142    10.45638214 800.000005.00241
276 90191 11331872703111 3112   5322123444143212122322222311212111211222211331111111111123313133212142 38.6230843012.6005521.000000 38.623084148 8.779232 6.347623    11.02647210.697971    10.17734292 841.500005.00341
276 42121 6433190315311296662  181111112111231222222323222212111112111111111121111234952454 3 33222142 45.4676812864.4639031.000000 45.46768105211.44471111.361041    10.39737210.697971     7.11411324 997.500005.00241
276169122 6413200225311296669  10112222112211133223322223211211122212121211229111223333444410103212142 51.3135263386.6927161.000000 51.31352615211.13383112.198531     9.45276210.295561     9.13106324 750.000005.00341
276197131 64331902253111 3212  101121112211311232332222232222231223112121112111112334553444 5 53222142 57.0150292508.6612761.000000 57.01502901511.13383110.202162     9.765462 8.510762     8.66466312 712.500005.00141
276167232 64339993103261 4312  25111112321111111112222222211222212211112311221111112212123216163122142 60.8804543652.8272401.000000 60.88045411511.44471110.202162    12.272232 9.601462     9.872012129999.000005.00241
276 35142 6433182234226296662  171113122111122222232322122212222222111211112211111213332244 5 53212142 70.4303304225.8198001.000000 70.43033013810.86810111.361041    10.712952 9.008132     8.66466314 709.800005.50241
276202122 64331832253111 3112  241111121221222222221312221121111112114311114111111122222334 2 23212142 76.4244003974.0688001.000000 76.42440003811.13383110.735772    11.64774211.172961     9.13106322 686.250005.00141
276107243 6433190999426296662  16212223221122133233341333311212111214322311221112344545445521213222142 83.5336472673.0767041.000000 83.53364714610.055412 9.720122     7.93995310.697971     9.872012149999.000004.50241
276 43212 64331852253261 2112  12213222114111122222332333221211111211112111211111111212333414144222142 94.5249163024.7973121.000000 94.52491604610.86810112.198531     9.45276210.697971     8.66466323 693.750005.00241
276165233 23322302253111 3112   21131223441422222242223122212121112112133214311112223342244 3 33212142105.6454944014.5287721.000000105.645494157 9.442842 7.782702    10.39737210.295561    11.21588212 862.500005.00341
276 63333 44339993203111 2112  10112123331122111112122322212213122211112111221111111233324410103112142119.7315602993.2890001.000000119.73156005710.055412 8.797302    12.272232 9.292582     9.131063239999.000005.00241
276 87222 64339999993111 2112  252111111111111223211233232212111112112121113399999999999999 5 23222142208.1658032914.3212421.000000208.16580304013.02750113.750081    10.39737210.697971     9.872012239999.000005.00141
276137111 74332502703111 3212  121111111111111121113223232111111111111111113311111111222222 9 93112142149.6644501945.6378501.000000149.66445014014.49613113.750081    11.33774212.985391     9.527672221125.000005.00141
276145                                                                                             142108.8468734571.5686661.000000108.846873168                                                                      41
276 94241 7433250270326296662   21123423321211112222232221112111111211142114413111233231143 1 13999142 94.5249163970.0464721.000000 94.524916068 9.734502 9.258852    11.64774211.172961    11.215882141125.000005.00341
276 50222 64332002703111 2112  24111122222122112223322223311222112211122111221111112223234416103219142 83.5336472840.1439981.000000 83.53364711310.86810110.202162    10.080962 9.934291     9.13106323 900.000005.00141
276208223 11331902703261 4112  141221123331221223232333332223222222111222113211112122333333 3 33112142 76.4244003209.8248001.000000 76.42440001310.232392 9.258852     8.839933 8.510762     9.87201222 855.000005.00241
276 11121 64332002703111 3112   6112111312112122222231323312222212211211211441111111112223314 43112142 69.0759004351.7817001.000000 69.07590016311.44471111.361041    10.080962 9.292582    10.45638222 900.000005.00341
276151223 64331882703121 1312  90113122213212221323232323311212112211222211222111122222223215 93122142 61.9301173530.0166691.000000 61.93011706310.42394211.361041     9.45276210.295561     9.52767223 846.000005.00141
276119221 52331982703111 2112  122121222221111222223312222122111112111112111111112222122233 6 23122142 57.0150293762.9919141.000000 57.01502911810.86810110.735772    10.71295210.697971     8.08353323 891.000005.00241
276190323 64331952753261 3112  162234324222222233222433232213221133111211112111111122333444 7 73222142 54.4234362612.3249281.000000 54.423436018 8.907342 9.258852     8.839933 8.747752     8.08353332 893.750005.00241
276 93992 23331862703111 3212  50112211111111111211111122211211111111114311431111112212223310103999142 51.3135264310.3361841.000000 51.3135261 512.31260113.750081    13.66669111.807101    11.21588292 837.000005.00141
276 51112 64331902803261 3212  401121111131111222122333323111111222111113111311111212121233 3 33122142 48.5398224465.6636241.000000 48.5398220 513.02750113.750081     9.76546210.697971     9.52767222 886.666675.00141
276177                                                                                             142 44.8993353098.0541151.000000 44.899335124                                                                      41
276124                                                                                             142 40.8175773183.7710061.000000 40.817577024                                                                      41
27618223299333999270326296662  202211122491143212223323232212211111121121112211112333344434 2 24222142 36.6525183518.6417281.000000 36.652518165 9.734502 9.720122    10.08096210.697971     9.131063149999.000005.00241
276 89                                                                                             142 30.9650593096.5059001.000000 30.965059065                                                                      41
276126232 21331752603111 2112   4211112333222111111331422222323223331112222221111223334444420203212142 52.0572003591.9468001.000000 52.05720001410.232392 9.258852    11.647742 7.603603    10.17734213 758.333335.00341
276 41211 64332002703261 4212  271122222111212222113212122112121112111122114211111122233454 2 23212142133.0350672660.7013401.000000133.03506711410.63402210.735772    11.95831210.697971    10.17734222 900.000005.00141
276201415 11331992703261 2312   42333434443333444323434435444344334232312112311112233444545 3 33222142 94.5249163024.7973121.000000 94.524916019 7.802962 7.166573     5.186273 6.168943     9.52767233 895.500005.00341
276153122 74331952703111 2112  22111112221122122222332322211211111111111111111111112233333423233112142 71.8389364525.8529681.000000 71.83893611911.13383110.202162    10.08096211.807101     7.11411323 877.500005.00241
276157222 23332002703261 4312  202221221121211123232223222223222122111122112111112393343344 4 43999142 61.9301172724.9251481.000000 61.93011713410.86810111.361041    10.397372 8.747752     9.13106322 900.000005.00141
276 79999 6432999999311296662  12111112121121111111333322321332122311111111111111122223323320204122142 54.4234362176.9374401.000000 54.42343603411.82273110.735772    11.026472 8.510762     7.114113949999.000005.00241
276180213 64331902703111 4112  24122412113211123334342333222322112212112211331111122334345519163222142 46.6486602798.9196001.000000 46.64866013110.63402212.198531     7.635523 9.008132    10.17734222 855.000005.00241
276 49424 63331863153261 2112  28113232222222123324333323222323222311211111111111112324245316163222142 40.3589532663.6908981.000000 40.358953031 9.89005210.202162     8.240143 8.099782     7.11411333 976.500005.00141
276 64123 52331852253261 4312  221122212311111222223212222213121111111132112111111122299999 2 23222142 31.7871401716.5055601.000000 31.78714014110.86810110.735772    11.02647210.295561     9.52767222 693.750005.00241
276 70222 1133195270311296662  21112122212112222212321322211212112211112111431111112223233314999999142 43.8042293679.5552361.000000 43.80422904110.86810111.361041    11.02647210.295561    10.17734224 877.500005.00241
276185415 11121902403261 1112  202322233342233333223424333223132123123111111111222333444445 2 23112142 69.0759004144.5540001.000000 69.0759000 7 8.907342 8.797302     7.635523 8.510762     7.11411333 760.000005.00241
276155111 72339992353111 3112  201121222321111223333333333223231133222221112111111122133344 4 43122142 52.8227473010.8965791.000000 52.8227471 710.86810110.202162     7.939953 8.099782     8.664663229999.000005.00241
276 21314 2133200260312296662  241121222121111222223333232222221222112211113211111122232345 4 43122142 38.6230844055.4238201.000000 38.62308405111.44471111.361041     9.452762 9.008132     9.13106334 866.666675.00241
276 57314 53339992353111 3312  351121244311121233323333333223212223121221112199999999999999 5 23122142 43.2764682207.0998681.000000 43.276468151 9.890052 8.314082     7.939953 8.510762     8.664663329999.000005.00141
276184434 44332002253111 4312  281112112132111223333323332223211123121211112111112221143344 4 43122142 47.8926243304.5910561.000000 47.8926241 611.82273112.198531     8.539233 9.008132     8.08353322 750.000005.00141
276179233 12992002253111 3522  181121212111212222222223222112111122111122112211111223444555 8 83212142 55.2607203812.9896801.000000 55.2607200 611.13383111.361041    10.71295210.697971     9.52767212 750.000005.00241
276 37312 6433200234311296662  101132343342331333231223232234222222222121112111111123232345 6 63122142 59.8657803232.7521201.000000 59.865780023 9.038762 7.782702     9.452762 7.920962     8.66466334 780.000005.00241
276140312 64332003453111 3112  30221112111111122322332323322222221311121111111111123344444412103112142 65.3081243722.5630681.000000 65.30812412311.82273112.198531     9.144153 8.747752     7.114113321150.000005.00141
276168223 44331732253261 4212   42132332431223122132313232223221122222223114311111123131343 4 43122142 76.4244003362.6736001.000000 76.424400122 9.170492 8.797302    10.712952 8.747752    10.71757222 648.750005.00341
276102213 3333192225311296662   61121233222212222242222223113322233123211111111122233333444 2 23222142 85.5225433848.5144351.000000 85.52254302210.055412 9.258852    10.080962 8.295142     7.11411324 720.000005.00341
276 60992 64339992403111 3112  151131311111111222222933323221211112111111111111111133933333 8 43112142 99.7763002993.2890001.000000 99.77630004211.44471113.750081     9.47860210.295561     7.114113929999.000005.00141
276 97222 6433197270326296662   81121323332342122122323222112121122112211113211112223232333 0 03222142128.2838154361.6497101.000000128.283815142 9.304842 8.797302    11.02647210.295561     9.13106324 886.500005.00241
276 67333 44339992703261 1112  24333224433344322212231313122212223321121111111111112332224522143222142133.0350676119.6130821.000000133.035067058 7.802962 6.347623    11.337742 8.295142     7.114113239999.000005.00141
276159231 64331962253111 2212  111121123211111222334323322111121111111221112121111233333334 1 13222142 97.0796434077.3450061.000000 97.07964315811.13383110.202162     8.83993311.807101     8.66466313 735.000005.00341
276109215 32331902253111 3112  18111112223122111322233333322223212322212111211112233434344310 73122142 87.6084594029.9891141.000000 87.60845902111.13383110.202162     9.452762 8.295142     8.66466322 712.500005.00241
276174132 22332002803111 3212  30111211121121122222221232211211111211111111111111222223333419193122142 81.6351554653.2038351.000000 81.63515512111.82273111.361041    11.02647211.172961     7.11411312 933.333335.00141
276118329 33321782253991 4212  142211223332322223333434333333222233212211112111112223333443 3 33222142 78.0858005622.1776001.000000 78.085800036 9.585652 8.797302     7.323603 7.603603     8.08353332 667.500005.00241
276112212 3333190225311296662   8111112322111112323332343311413314331121111211111234444444415153112142 74.8322254040.9401501.000000 74.83222513611.44471110.202162     8.539233 7.756312     8.08353324 712.500005.00341
276121313 11332002703111 3112   42121234331212122223323132123221123211111111111112234443455 7 23122142 70.4303302958.0738601.000000 70.430330071 9.734502 8.314082    10.397372 8.747752     7.11411332 900.000005.00341
276  2242 23331802703111 3112   11121223311221123231112222113111211112211111111112233344444 1 13122142 69.0759002763.0360001.000000 69.07590017110.232392 9.258852    11.64774210.697971     7.11411312 810.000005.00341
276142212 23331902253111 3112   41223322321221233233333233214231133123121112111111122222333 1 13222142 66.5175332195.0785891.000000 66.517533045 9.734502 9.720122     8.240143 8.295142     8.66466322 712.500005.00341
276 61323 54131882703111 2122  14111112324222123312433333222313223331321111221111222333233323 13212142 64.1419072180.8248381.000000 64.14190714510.634022 9.720122     8.539233 7.756312     8.66466333 846.000005.00141
276113214 52921902433111 3112  18314234322111133333233323322323222321321111111111222233344513133222142 60.8804542922.2617921.000000 60.880454135 9.442842 9.258852     7.939953 7.920962     7.11411322 769.500005.00241
276 88212 65321882343111 3212   2112223133122122222232323211323112211111111111111112212223212123222142 57.9346263997.4891941.000000 57.93462603510.232392 9.720122    10.080962 9.292582     7.11411322 733.200005.00341
276143213 54322102703111 3912   62122324343322233223334333114221123112311112111112223333333 6 63122142 56.1241693199.0776331.000000 56.1241691 4 9.038762 8.314082     7.939953 9.008132     8.08353322 945.000005.00341
276175323 42339992253111 3112   61112122231211223223413232332121122112111112111112233332444 7 73299142 54.4234362775.5952361.000000 54.4234360 411.13383110.202162     9.452762 9.008132     8.083533329999.000005.00341
276106332 4433190250326296662  36324332224334212222233323212322222221111111221111223345455413133212142 52.8227473803.2377841.000000 52.822747129 8.518552 9.720122    10.080962 8.510762     8.66466324 791.666675.00141
276 28213 22931892253111 4112   22111111211111232232339392123231133212221112111111223332344 2 23222142 51.3135263540.6332941.000000 51.31352602912.31260112.198531     8.917123 8.295142     8.66466322 708.750005.00341
276  9131 1232198245311296662   61111111121123221231212122212121122199999999911112223333344 2 13122142 49.8881503741.6112501.000000 49.88815003311.82273113.750081    11.958312 9.934291999999.00000914 808.500005.00341
276 33314 53332002303111 2112  10211212231122223323332323211312212221121111221111122233344414103222142 48.5398225096.6813101.000000 48.53982213310.232392 9.720122     8.839933 9.292582     8.66466333 766.666675.00341
276191122 32332002253111 3122   21112112221211122221233213212112221121232113111122333342455 5 53122142 47.2624583544.6843501.000000 47.26245806011.44471110.735772    11.026472 9.934291     9.87201222 750.000005.00341
276 95123 33331932703111 41129999219134239112333222321212211311112211121111111111223333333422 73112142 46.0506003177.4914001.000000 46.050600160 9.560352 9.258852    10.71295210.295561     7.11411322 868.500005.00941
276 46112 65331952703261 3112  301111121121111223223323232222112222112211113311111231233333 3 33212142 44.3450223991.0519801.000000 44.34502217213.02750112.198531     9.452762 9.292582     9.52767222 877.500005.00241
276 55142 1133190270311296662   33121421212331233232312224224232134333144323311112344343444 2 24211142 42.2581983296.1394441.000000 42.258198072 9.58565210.202162     9.452762 7.458553    11.99311214 855.000005.00341
276147213 54329993603111 4111  162121232232322229212339332123222233211111112111112222232234 1 14122142 40.8175772571.5073511.000000 40.817577017 9.734502 9.258852     9.818342 8.099782     8.083533229999.000005.00241
276 58                                                                                             142 37.8099662835.7474501.000000 37.809966117                                                                      41
276 75349 5333190225311296662  152131322231233122234322132223232232212111111111111123443445 1 13222142 35.2151652746.7828701.000000 35.215165011 9.58565210.202162    10.080962 7.920962     7.11411324 712.500005.00241
276 26131 22331862703111 3192  22213232214111222222321112211222112212122111211111122223133325194111142 32.0709543078.8115841.000000 32.07095411110.23239211.361041    11.647742 9.934291     8.66466312 837.000005.00241
276 59334 64332402503261 4211  90112212222122222222222433322222221211111111111111112133333316163222142 37.0303793999.2809321.000000 37.03037907410.42394210.202162     9.452762 9.008132     7.114113221000.000005.00141
276 20313 64331852503111 3212  191221322291222223243323239232233233111921112111111112131133 6 63222142 50.5908003844.9008001.000000 50.59080017410.05541210.202162     8.686343 7.756312     8.66466332 770.833335.00241
276 74                                                                                             142 64.1419073656.0886991.000000 64.141907154                                                                      41
276 31113 64332002403261 1112  121121222212221222222223222112223222112221111111112223222222 5 53222142 83.5336473174.2785861.000000 83.53364705410.42394210.202162    10.712952 9.008132     8.08353323 800.000005.00241
276127222 6433175240311296662  311122223212212233234332343112111111121111113211111122332334 1 13222142128.2838152565.6763001.000000128.2838151 310.055412 9.720122     7.63552311.807101     9.13106324 700.000005.00141
276131415 21321952253111 2112  251111111111111333225545454222111122111111111111111112222355 2 23222142 89.7986703232.7521201.000000 89.7986700 314.49613113.750081     5.577703 9.934291     7.11411333 731.250005.00141
276 23414 21922052253111 4112  22332123234232223323542413222221111112331111211111222229233414143222142 57.0150292736.7213921.000000 57.015029126 9.170492 8.797302     8.24014310.295561     8.08353332 768.750005.00141
276 13992 54331952343111 4112  14111111121111199999999999921322122211111111111111229333444415153222142 44.8993352559.2620951.000000 44.89933502613.02750112.198531999999.000009 9.008132     7.11411392 760.500005.00241
276172212 64332002253111 3112  12112122222111122233222322212323323322321111111111222333344430 73222142 57.0150293934.0370011.000000 57.01502912511.13383110.735772    10.080962 7.756312     7.11411322 750.000005.00241
276110313 2233193225312296662  14112112322113111222333323222211111211111111211111112225335524243222142 99.7763004390.1572001.000000 99.77630002510.63402210.202162    10.08096210.295561     8.08353334 723.750005.00241
276 83411 5333200270326296662   82221222241222223322323232122121112223211111111112223323334 4 41122142 48.5398222232.8318121.000000 48.53982206610.05541210.202162     9.452762 9.934291     7.11411334 900.000005.00341
276203211 11331802153261 3112  15219133223122211222342433321222112221311111211111111122122225251922142 26.4113742535.4919041.000000 26.411374166 9.896432 9.720122     9.144153 9.292582     8.08353322 645.000005.00341
276133211 74321802703111 3112   82112131121321112222323222112121121111111111111111122233344 7 73212142208.1658033122.4870451.000000208.16580317310.63402210.202162    11.02647210.697971     7.11411322 810.000005.00141
276176222 21321852703111 3212  30111111224122111232212222211222112211211111111111122332234411 23112142 44.8993353232.7521201.000000 44.89933507311.44471110.735772    11.647742 9.934291     7.11411322 832.500005.00241
276 29994 1123191270311296662  602233341232111233243433333223232123111211111129999999999999 2 23222142 46.6245173916.4594281.000000 46.624517056 9.58565210.202162     7.323603 8.295142     7.11411394 859.500005.00941
276144                                                                                             142 33.8256302333.9684701.000000 33.825630130                                                                      41
276123993 42331852203261 2112  101122121432211112223334343213122233211112114211111231222344 5 53222142 47.2632092410.4236591.000000 47.26320903010.423942 9.720122     8.839933 8.295142     9.87201293 678.333335.00341
276  3315 53332002703261 2112   63344223344442333335424234214343344324311111111112333454433 5 53299142 56.5608903393.6534001.000000 56.560890049 7.802962 8.314082     6.666193 6.792533     7.11411333 900.000005.00341
276156999 22321872603111 3212  30111112324121112222222322222211112211111111211111112234134410103122142 73.4088153229.9878601.000000 73.40881514911.133831 9.720122    11.026472 9.934291     8.08353392 810.333335.00941
276 30233 6433999225311296662   41122122331321112122323232212211122111112114311111112122323 3 33122142 98.5775513351.6367341.000000 98.57755102010.232392 9.258852    11.026472 9.934291    10.177342149999.000005.00341
276 10991994131882703261 1112   22211123921222233321323322213231123112212212212111122232245 4 43122142115.0071432185.1357171.000000115.00714312010.202822 9.483432     9.452762 8.747752     9.52767293 846.000005.00341
276183114 11332002703111 1122  16111111111111122221232323222121122212112211411111111113122223143122142 65.0983833124.7223841.000000 65.09838314314.49613113.750081    10.397372 9.601462     9.87201223 900.000005.00241
276120294 53331902703111 4112   3111112123111122321133333322323222311111211221111112111122211113222142 49.2887762809.4602321.000000 49.28877604312.31260111.361041     9.452762 8.099782     9.13106392 855.000005.00341
276199223 11331872703261 3122  121211343221211122212222232112122112111111112211111111122233 6 63299142 40.5907563287.8512361.000000 40.59075603910.055412 8.797302    11.33774210.295561     8.66466322 841.500005.00341
276128243 11129992453111 3112  22212232334122222222321222222323222322322111211111111222111215 53222142 31.9464293194.6429001.000000 31.946429139 9.585652 9.258852    11.026472 7.920962     8.664663129999.000005.00241
276188223 6433193280326296662  201111111121221112223323221122111112112121113211112233332334 8 83122142104.5519482927.4545441.000000104.55194811612.31260112.198531    11.02647210.697971     9.52767224 900.666675.00141
276  6334 23329992803111 2212  201121112211111223332223233111211111112211111111112222251144 1 13222142 57.5035712760.1714081.000000 57.50357101611.82273111.361041     9.14415311.807101     7.114113239999.000005.00141
276 16314 62331853003111 3112  301111111111111233332333333222222233222211111111112234444454 2 24212142 43.1276793234.5759251.000000 43.1276791 914.49613113.750081     7.939953 8.099782     7.11411332 925.000005.00141
276 86334991332533003111 4312  262132422232212333234334322121121121122221113211111222122344 4 44211142 18.4503441549.8288961.000000 18.4503440 9 9.58565210.202162     7.63552310.697971     9.527672221265.000005.00241
276 81313 11321952403111 3112  14111232113111112222232323333322321311113211321111222333344517173222142 86.2553575951.6196331.000000 86.25535715911.44471112.198531    10.080962 7.920962    10.17734232 780.000005.00241
276 12415 11132292343111 3112   41111432322222222224525232223222223222211111111111223433444 1 13122142 43.6735993843.2767121.000000 43.673599059 9.734502 9.258852     8.839933 8.099782     7.11411332 893.100005.00341
276207314 64332002353261 4112  24111112212111122323244444432423113432121111211111211233444518 23122142 59.4864532617.4039321.000000 59.48645305512.31260111.361041     6.666193 7.458553     8.08353332 783.333335.00141
276 48222 7433195225326296662  18321122222112212323222322211111112211111111111111122223233311 13212142143.7589293306.4553671.000000143.75892915510.23239210.735772    10.39737211.172961     7.11411324 731.250005.00141
276166315 2133192270311296662   31241423222442223333424334332142133122121112111112233443444 9 93122142 82.1479593450.2142781.000000 82.147959053 8.779232 8.797302     7.323603 7.920962     8.66466334 864.000005.00341
276 25214 11332002703111 4212  323343334434444222222323322222221123222211111111111112232333 3 33122142 69.0042863864.2400161.000000 69.004286153 6.795403 6.347623    10.080962 8.747752     7.11411322 900.000005.00141
276 76213 12331802803111 3212   82222223332313233323323333223122233112222113211112233444444 3 33222142 60.5300751936.9624001.000000 60.530075144 9.304842 8.797302     8.240143 8.295142     9.87201222 840.000005.00241
276154314 12332352703111 4112  18224142122231233322243423331211119111131111111111222333234418 64222142 50.0031063900.2422681.000000 50.003106044 9.44284210.202162     7.93995310.513501     7.114113321057.500005.00241
276149414 21331882703111 3112   22121321341211223233434232223111122213111111111112222332445 4 43122142 44.8079783495.0222841.000000 44.80797817510.42394210.202162     8.240143 9.292582     7.11411332 846.000005.00341
276 44415 2133197225326296662  30233234444344434333442423223333122323231111111111233333244420113212142 36.3180452832.8075101.000000 36.318045075 7.459172 4.822383     7.001203 7.756312     7.11411334 738.750005.00241
276 92495 23339992503111 321299993332214442422134324423342333232233111111111111112222332233 5 53122142 69.0042862484.1542961.000000 69.004286032 8.649542 7.782702     7.635523 7.603603     7.114113929999.000005.00941
276 27223 64331882253261 3112  281112123212211123323333232224232223222222113211111222332344 5 53222142 53.9095982479.8415081.000000 53.90959813210.634022 9.720122     9.144153 7.756312     9.87201222 705.000005.00141
276178415 11321752703261 1112  271122223312211233334424342123232223114311111112223345454455 7 79999142 44.8012152150.4583201.000000 44.80121515010.055412 9.258852     7.001203 8.295142     7.11411333 787.500005.00141
276130                                                                                             142 36.6555402639.1988801.000000 36.655540050                                                                      41
276 71313 32331952803111 2112  17113222229111123222232423322323312411211111111111223334244419193212142 49.6259622828.6798341.000000 49.6259620 210.63402210.735772     9.144153 7.920962     7.11411333 910.000005.00241
276196313 33331882703111 1222  20111211111111122323343323321322111211112211211111222334335521213222142 71.6819443010.6416481.000000 71.6819441 213.02750113.750081     8.240143 9.601462     9.13106333 846.000005.00141
276104                                                                                             142153.6041671228.8333361.000000153.604167169                                                                      41
276158                                                                                             142 47.4365813415.4338321.000000 47.436581069                                                                      41
276164333 5433175270312296662  131122223232222222223323333333232233221212112111111112232333 8 83212142 28.2955043112.5054401.000000 28.295504027 9.890052 9.720122     9.144153 7.458553     8.66466324 787.500005.00341
276  5325 33339992703111 4312  50113222112112112221223333311211112211121111211111112222333317 74212142 48.8740532345.9545441.000000 48.87405312710.86810112.198531    10.08096210.697971     8.083533329999.000005.00141
276161415 11992009993111 3112   2111111111111111211553444522411111211111111111111122244445510103112142 70.1236413365.9347681.000000 70.1236411 114.49613113.750081     8.240143 9.601462     7.114113329999.000005.00341
276204414 43331952253261 3212  182232222231222223224434333222122133211111111111111223333333 7 73212142 60.8620282556.2051761.000000 60.8620280 1 9.73450210.202162     7.635523 8.510762     7.11411332 731.250005.00241
276100414 4233198285311296662  153321223222142223344434332222121121121211111111111123333333 9 53122142107.5229172903.1187591.000000107.522917037 9.30484210.202162     7.001203 9.934291     7.11411334 940.500005.00141
276114415 12331822703111 3112  14221233214231234424443534343433224321231111111111122233344415153222142 64.5137502580.5500001.000000 64.513750137 9.734502 9.720122     5.186273 6.924453     7.11411332 819.000005.00241
276170415 6292999300311296662  153242234242333123224333232332211233233111111111112223333344 3 33212142 51.2013893993.7083421.000000 51.201389128 8.518552 8.314082     9.144153 8.099782     7.114113349999.000005.00241
276103233 23331952433261 3112  131131323433222333232333222111122112122211111111112222333434 2 23122142 43.0091672967.6325231.000000 43.009167028 9.304842 8.797302     8.83993310.697971     7.11411312 789.750005.00341
276 82212 62331952503111 3222   7111112132131111223232323211212111211111111221111112334234410 73122142 52.0272182497.3064641.000000 52.02721811011.133831 9.720122    10.39737210.697971     8.66466322 812.500005.00941
276115412 23332002703111 2212  12112132231132222223332423212212111211121111111111211223233425 31122142 41.8920453393.2556451.000000 41.892045010 9.890052 9.258852     9.14415310.295561     7.11411333 900.000005.00341
276187                                                                                             142 67.9296301630.3111201.000000 67.9296300 8                                                                      41
276 45413 6433195290326296662  142111123122342221223343339223121432111111111111123345555555 8 83122142379.9110742659.3775181.000000379.9110741 8 9.890052 9.720122     9.017573 8.295142     7.11411334 942.500005.00141
276200312 5333185252326296662  141122222321222334333334233224333143112211111111122232343455 7 73222142122.2733331711.8266621.000000122.27333307010.055412 9.720122     7.001203 7.458553     7.11411334 777.000005.00141
276 91992 52131812703261 2112  161131111199111123223423299234193133919111111111119923332555 1 13222142 57.3156251604.8375001.000000 57.31562517012.21263113.750081     9.486682 7.630613     7.11411393 814.500005.00141
276 77415 23332602703111 3212  141141223121111123225534332213131122112111111111111123343445 8 83212142 55.5787881111.5757601.000000 55.57878804710.63402210.735772     8.240143 9.292582     7.114113321170.000005.00141
276146411 4232190225311296662   22311122111221231234424334234243123312111111122334444554555 3 33222142141.084615 564.3384601.000000141.08461514710.63402210.735772     7.635523 7.320773     7.11411334 712.500005.00241
276193313 33331902703111 2112   1221132443233222323553434433424334431111111111112345555555514143122142379.9110745698.6661101.000000379.911074167 9.038762 7.782702     6.666193 6.507573     7.11411333 855.000005.00341
276 99213 34332052353111 3112  281111121111211112214434232132221112112211113111112223344555 6 63212142 73.3640001760.7360001.000000 73.36400006712.31260111.361041     9.452762 9.601462     8.66466322 802.916675.00141
276160                                                                                             142152.8416671528.4166701.000000152.841667062                                                                      41
276134311 33331903153111 4212  204144432224222233224424334223222233313111111111112222334455 5 53112142379.9110741899.5553701.000000379.911074162 8.385272 9.720122     7.323603 7.756312     7.11411332 997.500005.00141
276 85                                                                                             142 78.4892173610.5040041.016666 77.202509066                                                                      41
276 47231 1133250270319296662  20222333449234233222222322222222221242323221921119112222333199999999142 44.7090483084.9243261.016666 43.976113173 8.385272 7.166573    10.080962 8.295142    10.363722141125.000005.00241
276 40415 11331942703111 1112  251122222231221232324434343222212122213211111111112299999999 1 13122142156.8279228625.5357101.000000156.82792215610.42394210.202162     7.001203 9.008132     7.11411333 873.000005.00941
276105145 54332092703111 2212  241122212111122112221122221111111111111122112211112223344444 5 53222142110.3754612538.6356211.016666108.56602803210.86810112.198531    12.59338212.985391     9.52767213 940.500005.00141
