   1    4.310000    5.150000    4.260000
   2    4.260000    3.450000    3.220000
   3    4.590000    6.010000    4.760000
   4    4.900000    4.240000    3.970000
   5    4.310000    4.270000    3.410000
   6    5.820000    6.470000    5.040000
   7    3.500000    3.960000    3.080000
   8    5.350000    3.200000    2.830000
   9    4.730000    3.360000    1.720000
  10    5.360000    5.770000    4.850000
  11    4.080000    5.270000    3.580000
  12    4.300000    3.760000    2.640000
  13    3.120000    4.270000    3.140000
  14    5.130000    4.190000    3.170000
  15    6.560000    4.330000    3.180000
  16    3.760000    5.810000    4.310000
  17    1.940000    4.530000    3.970000
  18    4.040000    4.970000    3.940000
  19    4.130000    5.210000    3.810000
  20    4.680000    4.860000    5.170000
  21    4.180000    4.380000    3.240000
  22    7.060000    5.770000    4.800000
  23    4.700000    4.920000    4.060000
  24    6.170000    4.870000    4.320000
  25    4.920000    5.280000    4.160000
  26    2.390000    4.300000    2.990000
  27    4.290000    5.270000    3.580000
  28    5.350000    5.450000    4.090000
  29    3.170000    4.530000    3.330000
  30    5.210000    5.390000    3.900000
  31    3.170000    4.400000    3.530000
  32    4.840000    4.290000    2.770000
  33    5.500000    5.010000    4.130000
  34    2.850000    4.290000    3.150000
  35    4.740000    4.140000    4.580000
  36    3.000000    3.680000    2.410000
  37    3.900000    5.270000    3.140000
  38    7.530000    5.250000    3.870000
  39    6.960000    5.230000    5.100000
  40    5.360000    4.770000    4.760000
  41    4.010000    5.060000    4.060000
  42    4.030000    5.260000    4.410000
  43    3.800000    5.370000    3.330000
  44    3.510000    4.620000    2.860000
  45    2.120000    4.460000    2.800000
  46    2.500000    4.550000    2.800000
  47    5.670000    5.770000    5.230000
  48    3.220000    5.670000    3.650000
  49    5.500000    5.800000    3.080000
  50    2.930000    3.200000    3.090000
  51    2.830000    5.570000    2.420000
  52    4.960000    5.410000    3.790000
  53    4.450000    6.740000    5.280000
  54    3.720000    4.850000    2.980000
  55    3.950000    5.360000    3.140000
  56    4.230000    4.370000    3.140000
  57    3.190000    4.220000    2.630000
  58    5.050000    6.960000    5.360000
  59    5.530000    5.630000    3.910000
  60    4.480000    4.000000    3.630000
  61    3.580000    3.760000    3.300000
  62    5.320000    5.050000    4.540000
  63    5.390000    3.980000    2.520000
  64    4.250000    5.030000    3.770000
  65    2.140000    2.980000    1.090000
  66    4.910000    4.620000    3.400000
  67    6.150000    5.470000    4.060000
  68    4.310000    3.940000    3.360000
  69    5.020000    3.660000    2.770000
  70    3.120000    6.360000    4.540000
  71    2.350000    3.490000    1.620000
  72    4.090000    5.850000    3.370000
  73    5.650000    6.180000    4.720000
  74    4.810000    4.770000    4.770000
  75    4.980000    4.180000    2.600000
  76    2.290000    5.260000    3.010000
  77    3.620000    5.380000    3.030000
  78    3.800000    5.800000    3.840000
  79    3.840000    4.310000    3.580000
  80    4.150000    5.540000    3.560000
  81    4.560000    4.220000    3.710000
  82    2.040000    4.730000    2.390000
  83    4.960000    4.650000    4.420000
  84    5.220000    4.990000    4.340000
  85    3.390000    4.150000    3.090000
  86    3.840000    5.010000    4.030000
  87    2.630000    3.240000    2.630000
  88    4.180000    4.500000    3.710000
  89    4.960000    5.770000    3.410000
  90    2.590000    5.990000    3.870000
  91    3.490000    4.710000    2.770000
  92    5.350000    6.320000    4.420000
  93    5.990000    3.720000    2.640000
  94    4.690000    5.540000    4.380000
  95    4.740000    4.510000    4.000000
  96    3.800000    4.140000    3.120000
  97    5.050000    5.820000    3.720000
  98    4.540000    4.220000    2.760000
  99    4.840000    4.530000    3.820000
 100    7.430000    5.710000    5.430000
 101    4.020000    5.770000    4.440000
 102    5.470000    5.310000    4.500000
 103    5.160000    4.710000    3.270000
 104    5.590000    5.810000    5.370000
 105    5.880000    5.930000    5.610000
 106    4.450000    4.820000    3.360000
 107    4.200000    5.350000    4.700000
 108    5.840000    6.320000    5.650000
 109    4.770000    4.790000    3.500000
 110    6.820000    5.240000    3.770000
 111    5.990000    5.750000    5.080000
 112    3.960000    3.560000    2.520000
 113    4.730000    4.760000    2.740000
 114    5.670000    4.790000    2.730000
 115    3.060000    3.550000    2.490000
 116    3.630000    3.660000    2.440000
 117    4.300000    4.440000    4.150000
 118    4.350000    4.400000    2.570000
 119    4.460000    4.770000    3.880000
 120    4.800000    5.000000    4.530000
 121    5.580000    5.040000    3.810000
 122    2.850000    3.660000    3.120000
 123    3.160000    3.560000    3.770000
 124    5.010000    3.360000    2.320000
 125    1.430000    3.950000    1.950000
 126    3.460000    4.330000    2.820000
 127    3.610000    5.150000    3.430000
 128    4.060000    4.830000    3.140000
 129    5.720000    4.930000    3.410000
 130    5.950000    5.470000    4.600000
 131    2.960000    4.890000    2.420000
 132    5.760000    4.370000    3.400000
 133    3.530000    4.940000    3.780000
 134    4.230000    4.950000    4.160000
 135    6.280000    5.020000    4.250000
 136    4.360000    4.930000    4.070000
 137    3.680000    4.970000    3.750000
 138    5.100000    4.010000    3.490000
 139    5.600000    4.010000    3.660000
 140    6.220000    5.910000    5.990000
 141    4.130000    4.630000    3.220000
 142    3.630000    4.080000    3.840000
 143    3.170000    4.310000    3.200000
 144    3.720000    4.870000    2.900000
 145    6.010000    6.100000    4.230000
 146    4.700000    3.630000    2.660000
 147    3.210000    3.400000    4.040000
 148    7.700000    5.800000    5.080000
 149    3.860000    3.060000    3.620000
 150    3.290000    5.820000    3.560000
 151    5.040000    3.360000    3.660000
 152    3.550000    5.050000    3.200000
 153    5.200000    5.430000    4.250000
 154    3.500000    6.380000    5.010000
 155    3.970000    5.160000    4.610000
 156    4.510000    4.350000    1.940000
 157    2.140000    4.020000    2.700000
 158    3.250000    5.470000    4.630000
 159    3.700000    4.840000    4.540000
 160    5.990000    4.280000    3.360000
 161    2.680000    3.810000    2.090000
 162    3.610000    4.090000    2.640000
 163    6.930000    4.310000    3.170000
 164    6.460000    5.340000    4.320000
 165    5.520000    4.990000    3.840000
 166    4.640000    4.290000    2.990000
 167    7.330000    4.810000    4.290000
 168    2.760000    4.130000    2.680000
 169    3.170000    5.520000    3.180000
 170    4.700000    3.440000    3.400000
 171    4.630000    4.620000    3.180000
 172    6.600000    5.720000    4.260000
 173    3.570000    4.920000    2.860000
 174    5.820000    5.440000    3.150000
 175    5.720000    5.100000    4.230000
 176    4.620000    3.630000    3.410000
 177    3.920000    4.540000    3.310000
 178    2.880000    4.640000    2.660000
 179    4.180000    4.500000    3.980000
 180    6.340000    4.400000    3.550000
 181    3.850000    4.970000    3.390000
 182    5.540000    3.990000    3.080000
 183    1.780000    4.570000    2.410000
 184    4.850000    3.700000    2.730000
 185    4.690000    5.210000    2.990000
 186    5.090000    4.730000    2.990000
 187    4.560000    4.570000    2.960000
 188    4.770000    4.080000    4.070000
 189    2.900000    4.480000    3.740000
 190    3.960000    5.570000    4.800000
 191    2.690000    4.270000    3.980000
 192    5.250000    4.280000    3.030000
 193    5.750000    5.130000    4.410000
 194    5.480000    5.050000    3.520000
 195    2.970000    5.260000    2.680000
 196    4.250000    4.920000    3.220000
 197    7.300000    5.300000    5.080000
 198    6.100000    5.880000    4.850000
 199    3.660000    4.370000    3.080000
 200    4.810000    5.290000    4.030000
 201    7.060000    5.920000    5.150000
 202    4.470000    4.080000    2.010000
 203    3.570000    5.380000    2.900000
 204    2.400000    4.410000    2.580000
 205    2.480000    4.400000    3.430000
 206    3.830000    4.210000    4.440000
 207    5.890000    6.060000    6.570000
 208    5.710000    5.600000    4.380000
 209    4.760000    5.090000    3.880000
 210    4.690000    4.440000    3.440000
 211    3.570000    4.010000    2.450000
 212    4.080000    4.440000    2.710000
 213    5.240000    4.780000    3.900000
 214    3.970000    4.760000    3.360000
 215    4.350000    5.960000    4.510000
 216    6.450000    4.080000    2.860000
 217    2.850000    4.890000    3.650000
 218    4.420000    4.950000    4.160000
 219    4.660000    4.370000    2.860000
 220    4.070000    6.130000    3.850000
 221    4.690000    4.640000    3.680000
 222    3.590000    4.950000    2.820000
 223    5.420000    4.610000    3.340000
 224    5.320000    4.370000    2.730000
 225    3.720000    4.360000    2.710000
 226    3.700000    3.400000    3.440000
 227    4.760000    4.470000    4.670000
 228    3.550000    4.990000    2.870000
 229    4.570000    4.960000    3.750000
 230    4.860000    5.110000    3.750000
 231    3.510000    4.780000    3.050000
 232    4.640000    5.610000    3.750000
 233    5.210000    5.920000    3.680000
 234    7.770000    5.700000    5.110000
 235    6.200000    5.030000    3.810000
 236    6.460000    5.340000    4.740000
 237    6.850000    5.440000    4.720000
 238    2.890000    4.700000    4.040000
 239    3.730000    4.400000    3.010000
 240    3.580000    5.140000    4.260000
 241    4.140000    4.770000    3.080000
 242    3.840000    4.080000    3.210000
 243    3.560000    3.690000    4.070000
 244    4.290000    5.510000    5.100000
 245    5.760000    5.370000    4.060000
 246    4.240000    4.860000    3.440000
 247    3.510000    6.270000    5.100000
 248    3.780000    4.130000    1.910000
 249    4.640000    5.040000    3.600000
 250    4.010000    5.450000    4.170000
