   1111111
   2111111
   3111141
   4111111
   5111111
   6311111
   7121122
   8111111
   9111111
  10111111
  11111141
  12111111
  13112211
  14112211
  15111112
  16211112
  17112121
  18111241
  19111311
  20111411
  21111441
  22111111
  23111141
  24111411
  25114111
  26111111
  27112211
  28111111
  29111111
  30111411
  31111114
  32111222
  33211211
  34124141
  35111113
  36213321
  37221222
  38411131
  39111111
  40211211
  41311212
  42111111
  43213411
  44112222
  45111114
  46221222
  47122212
  48311214
  49111111
  50111211
  51112312
  52111111
  53141114
  54111113
  55111414
  56211314
  57414141
  58111131
  59413121
  60111111
  61114113
  62111241
  63111311
  64111411
  65111111
  66111111
  67111111
  68111111
  69141141
  70111111
  71111411
  72111114
  73111111
  74111114
  75111141
  76111324
  77411114
  78113114
  79221111
  80111131
  81211121
  82441112
  83211114
  84111111
  85211411
  86111124
  87311114
  88111114
  89111211
  90113233
  91111111
  92111111
  93111314
  94111141
  95111133
  96111141
  97312111
  98112212
  99211123
 100111114
 101111412
 102211441
 103111223
 104111111
 105241414
 106211121
 107333313
 108121223
 109111212
 110111411
 111111111
 112211144
 113131113
 114112111
 115211211
 116111321
 117411114
 118211112
 119111111
 120111112
 121111114
 122111411
 123111111
 124441141
 125111141
 126111111
 127111411
 128111141
 129111414
 130211211
 131222222
 132112111
 133111141
 134143424
 135111113
 136111211
 137411141
 138411111
 139122123
 140311213
 141121122
 142211112
 143111141
 144111233
 145211321
 146112411
 147111414
 148111111
 149211224
 150111313
 151111111
 152111112
 153111324
 154411214
 155311111
 156111114
 157111111
 158232433
 159111111
 160411411
 161111114
 162111214
 163211214
 164111111
 165311141
 166123333
 167411414
 168111112
 169111424
 170111134
 171111212
 172111114
 173444141
 174111141
 175411413
 176411213
 177111343
 178211414
 179121211
 180131142
 181142311
 182111432
 183442312
 184114411
 185111111
 186111411
 187411112
 188111111
 189111244
 190211113
 191111121
 192211114
 193114144
 194231211
 195113412
 196111112
 197111414
 198411144
 199123222
 200242314
 201111112
 202311434
 203111411
 204111212
 205111212
 206444111
 207114311
 208111144
 209111441
 210311111
 211111111
 212111333
 213111111
 214111131
 215111112
 216111241
 217411112
 218411242
 219411111
 220421114
 221144132
 222111443
 223114141
 224141411
 225111411
 226111112
 227111213
 228111214
 229111113
 230111112
 231111112
 232111242
 233131214
 234411414
 235111141
 236211111
 237112211
 238112312
 239311412
 240211313
 241111211
 242131111
 243111111
 244331112
 245111144
 246221321
 247311213
 248111341
 249111111
 250111242
 251111111
 252111311
 253211212
 254111213
 255111214
 256111141
 257111313
 258312432
 259111144
 260211212
 261211111
 262213142
 263311322
 264111112
 265111411
 266211111
 267111322
 268212314
 269111113
 270411114
 271111311
 272211123
 273111111
 274111411
 275111111
 276111334
 277424233
 278431111
 279311213
 280143111
 281111132
 282111114
 283211113
 284411211
 285124144
 286444131
 287111411
 288111111
 289311212
 290111114
 291211212
 292111111
 293111144
 294111411
 295311121
 296111311
 297111431
 298111231
 299312134
 300121211
 301111411
 302111441
 303111211
 304444114
 305111111
 306111422
 307444141
 308111441
 309141111
 310111444
 311111411
 312211412
 313111411
 314111111
 315111414
 316211111
 317111112
 318444141
 319411144
 320111321
 321322132
 322411141
 323111111
 324111411
 325221223
 326211112
 327311143
 328211224
 329111414
 330111141
 331233243
 332211112
 333111111
 334122333
 335111111
 336342313
 337411111
 338411144
 339111214
 340411441
 341111111
 342111111
 343114144
 344211441
 345111111
 346221323
 347223141
 348111211
 349122442
 350424231
 351111111
 352231223
 353411343
 354111141
 355141213
 356111333
 357111111
 358131132
 359211313
 360231411
 361111111
 362111111
 363413121
 364214223
 365431114
 366111411
 367111414
 368411414
 369111211
 370441411
 371111111
 372111312
 373111212
 374111122
 375111111
 376211313
 377111133
 378211324
 379122221
 380111111
 381111111
 382111212
 383311123
 384111113
 385212323
 386311323
 387111113
 388321232
 389444111
 390111212
 391311141
 392444141
 393311113
 394211141
 395211113
 396111414
 397331123
 398331213
 399111111
 400111132
 401111232
 402411212
 403411112
 404211114
 405211112
 406311114
 407221232
 408211214
 409211343
 410111113
 411111312
 412211213
 413211223
 414111131
 415111232
 416221212
 417333243
 418313331
 419111442
 420122312
 421132214
 422224223
 423411214
 424111111
 425111313
 426111143
 427111442
 428131111
 429111131
 430211213
 431111214
 432331414
 433121114
 434331112
 435111333
 436211222
 437111144
 438211312
 439111412
 440131112
 441141211
 442424214
 443411213
 444312213
 445121141
 446111131
 447111314
 448444111
 449111113
 450114133
 451111211
 452111131
 453111132
 454111222
 455111424
 456443241
 457114444
 458311131
 459111114
 460111113
 461111123
 462211311
 463131333
 464111412
 465111311
 466111144
 467111114
 468111121
 469111414
 470113221
 471112144
 472411121
 473111344
 474212313
 475311233
 476112411
 477111411
 478111111
 479111113
 480411311
 481114421
 482142311
 483314414
 484211111
 485111113
 486244314
 487111212
 488111221
 489111141
 490111421
 491111111
 492411421
 493111131
 494111111
 495411314
 496344141
 497111112
 498111113
 499411314
 500214441
 501121144
 502332322
 503111111
 504311444
 505131211
 506421344
 507311113
 508111311
 509323112
 510111411
 511211113
 512111212
 513111433
 514211434
 515111114
 516111444
 517111322
 518211113
 519113334
 520111411
 521313323
 522144411
 523211112
 524211411
 525411141
 526211213
 527311313
 528333213
 529111113
 530211333
 531111411
 532111411
 533111112
 534112411
 535211444
 536111212
 537311213
 538311222
 539114213
 540311113
 541231343
 542311314
 543231412
 544312311
 545211214
 546311133
 547111111
 548111441
 549111323
 550111311
 551411144
 552111413
 553322344
 554211211
 555111111
 556111313
 557111414
 558111441
 559241114
 560111111
 561212333
 562144442
 563121221
 564411412
 565211223
 566222222
 567211112
 568321111
 569111313
 570111221
 571323341
 572111212
 573311213
 574214232
 575111112
 576311114
 577114111
 578111412
 579312213
 580111412
 581411112
 582211212
 583111111
 584411341
 585111111
 586421323
 587111442
 588111123
 589232323
 590321222
 591111211
 592131133
 593144134
 594111213
 595212133
 596134214
 597213244
 598111111
 599114111
 600211211
 601311134
 602311111
 603111143
 604111123
 605211131
 606112141
 607111343
 608211113
 609111212
 610111341
 611111141
 612411141
 613321331
 614111113
 615111411
 616444142
 617212342
 618311132
 619111341
 620212222
 621111114
 622142114
 623222213
 624112324
 625311323
 626111141
 627211242
 628444441
 629311244
 630311414
 631321333
 632411411
 633111233
 634111314
 635111411
 636311111
 637111113
 638111441
 639211323
 640211341
 641141144
 642111144
 643122422
 644111133
 645111344
 646113424
 647211222
 648111444
 649111113
 650111111
 651111114
 652322134
 653111143
 654111111
 655214142
 656141324
 657111111
 658111324
 659111111
 660233314
 661111313
 662143413
 663111212
 664111141
 665113121
 666141111
 667311232
 668111111
 669111441
 670111111
 671411114
 672111312
 673111131
 674111414
 675411411
 676111111
 677111133
 678111111
 679141114
 680111144
 681111132
 682111211
 683111213
 684111112
 685231343
 686231121
 687121314
 688111111
 689111142
 690312222
 691414111
 692111324
 693422132
 694411311
 695324344
 696231414
 697111444
 698411114
 699111111
 700411141
 701122314
 702311211
 703411114
 704111141
 705311113
 706111111
 707224114
 708111223
 709311213
 710211214
 711111444
 712414314
 713111111
 714111141
 715414441
 716111114
 717111414
 718311224
 719111411
 720311114
 721111411
 722211244
 723111111
 724141144
 725411123
 726131211
 727311134
 728111223
 729311112
 730311342
 731211112
 732111111
 733111211
 734111111
 735211444
 736444141
 737444444
 738111211
 739114343
 740232342
 741111414
 742111414
 743111114
 744132212
 745211333
 746311113
 747121213
 748411144
 749111444
 750311232
 751211111
 752221321
 753312233
 754111114
 755111114
 756111114
 757111211
 758111144
 759111414
 760121341
 761111114
 762311411
 763311322
 764111144
 765311212
 766111111
 767111114
 768311331
 769111411
 770441444
 771111441
 772111212
 773131222
 774344213
 775411114
 776111112
 777111111
 778411113
 779111111
 780411414
 781422424
 782411414
 783111414
 784444132
 785112212
 786111433
 787221112
 788114114
 789111444
 790111113
 791111131
 792111411
 793213222
 794211313
 795111111
 796111111
 797111421
 798111334
 799214242
 800411114
 801411114
 802114442
 803211113
 804311214
 805111112
 806111111
 807111411
 808111212
 809411414
 810411144
 811321113
 812111112
 813111111
 814111113
 815411444
 816112243
 817211413
 818111413
 819122323
 820411444
 821111414
 822411111
 823211232
 824133112
 825111411
 826111411
 827411444
 828231343
 829211114
 830111211
 831311141
 832321232
 833211223
 834121141
 835111411
 836332222
 837111411
 838411144
 839411444
 840444113
 841322143
 842111413
 843411342
 844212312
 845121111
 846211112
 847211342
 848211111
 849411414
 850444131
 851141434
 852111211
 853312113
 854411414
 855111314
 856311343
 857111111
 858111112
 859211313
 860111321
 861144142
 862333332
 863114441
 864111411
 865442344
 866111412
 867111134
 868111313
 869111213
 870111113
 871211111
 872111322
 873211112
 874111114
 875114142
 876111141
 877144111
 878131213
 879421314
 880123222
 881211332
 882211111
 883111213
 884311243
 885311224
 886111132
 887111222
 888311133
 889111113
 890114142
 891234222
 892111141
 893111122
 894111113
 895411414
 896223331
 897321313
 898223223
 899231232
 900111113
 901121311
 902143133
 903112311
 904132214
 905111114
 906211224
 907111313
 908211114
 909211244
 910342132
 911314421
 912211341
 913311124
 914311411
 915211222
 916411322
 917111212
 918241112
 919411114
 920322313
 921411323
 922311124
 923111241
 924141112
 925411112
 926111114
 927444414
 928111413
 929121112
 930211112
 931111312
 932111214
 933311143
 934312144
 935211314
 936411111
 937111332
 938111444
 939111413
 940111111
 941111222
 942211414
 943211312
 944211413
 945114144
 946221113
 947112213
 948133441
 949312233
 950111314
 951111111
 952111413
 953444141
 954112114
 955211213
 956341113
 957111141
 958111112
 959311314
 960212212
 961112332
 962111112
 963111332
 964121122
 965211144
 966111111
 967111344
 968314313
 969111213
 970311144
 971111114
 972114323
 973111323
 974411133
 975411111
 976111112
 977111442
 978313312
 979111144
 980411441
 981141141
 982411313
 983111322
 984111113
 985211413
 986111411
 987111213
 988311413
 989311344
 990111311
 991141231
 992311314
 993211122
 994111212
 995411314
 996311441
 997414144
 998331114
 999111111
1000113141
1001211222
1002211212
1003311233
1004111311
1005211214
1006222222
1007311113
1008122124
1009222112
1010111322
1011232413
1012111211
1013334423
1014311213
1015121343
1016314141
1017311211
1018342213
1019311413
1020213313
1021333214
1022111442
1023221133
1024231323
1025121343
1026444441
1027311111
1028243213
1029111213
1030121131
1031111211
1032311223
1033211144
1034111313
1035311323
1036111111
1037411144
1038111141
1039111214
1040221243
1041111444
1042311144
1043231212
1044111121
1045113224
1046121441
1047111111
1048211221
1049114141
1050413243
1051111343
1052341234
1053144214
1054111213
1055111113
1056412233
1057122111
1058111311
1059231333
1060311313
1061143142
1062322144
1063233312
1064211311
1065311233
1066211412
1067312434
1068124314
1069311123
1070111142
1071244114
1072111241
1073414144
1074131413
1075312323
1076211214
1077411223
1078412433
1079221422
1080111144
1081211222
1082321314
1083111212
1084411144
1085321213
1086111311
1087111414
1088211123
1089111241
1090111412
1091322213
1092111222
1093311213
1094111133
1095111142
1096211323
1097441444
1098211324
1099231111
1100433344
1101111313
1102111313
1103111141
1104411311
1105311123
1106111212
1107114113
1108411134
1109131134
1110111414
1111111344
1112111143
1113411121
1114231113
1115111441
1116411113
1117114212
1118211411
1119444142
1120111122
1121111333
1122211212
1123211331
1124442112
1125111242
1126111114
1127411214
1128121223
1129111113
1130211212
1131411221
1132211214
1133311313
1134212122
1135111143
1136111313
1137231132
1138321233
1139311323
1140211323
1141333333
1142311111
1143211213
1144411222
1145311312
1146131143
1147111232
1148211142
1149111114
1150344312
1151312442
1152111412
1153322434
1154111112
1155111143
1156111412
1157111134
1158311311
1159213212
1160111112
1161411131
1162111141
1163311323
1164231321
1165313231
1166211112
1167311233
1168111141
1169424322
1170144341
1171111413
1172131414
1173311324
1174211343
1175421141
1176132214
1177212344
1178111114
1179321212
1180311414
1181111324
1182321322
1183311113
1184424433
1185312223
1186441122
1187132141
1188211222
1189311134
1190121121
1191411414
1192111311
1193111112
1194111314
1195111443
1196311232
1197211332
1198111311
1199411121
1200311333
1201111311
1202311213
1203432133
1204211443
1205232124
1206213242
1207221343
1208112414
1209411133
1210211233
1211131311
1212241244
1213443144
1214441411
1215111444
1216113213
1217411444
1218143142
1219211113
1220111411
1221211112
1222111141
1223111411
1224441114
1225111113
1226431132
1227121234
1228111441
1229111242
1230111323
1231144414
1232411414
1233211132
1234111142
1235111111
1236411411
1237111344
1238411114
1239311323
1240331333
1241111444
1242111141
1243111111
1244311314
1245311244
1246422324
1247111211
1248111414
1249211412
1250411141
1251211424
1252111424
1253221144
1254111111
1255111213
1256411444
1257323223
1258331341
1259111114
1260111441
1261111413
1262111141
1263131444
1264111114
1265111141
1266111441
1267113322
1268411114
1269332241
1270444144
1271111141
1272123311
1273311114
1274111323
1275411322
1276111213
1277111212
1278311141
1279441313
1280441414
1281312313
1282311333
1283111111
1284111441
1285411243
1286212334
1287111224
1288144144
1289111333
1290241442
1291341144
1292111141
1293111141
1294211124
1295111141
1296122243
1297144442
1298211314
1299111134
1300111114
1301411111
1302411114
1303444444
1304112143
1305211433
1306231213
1307311133
1308222121
1309111221
1310111111
1311411411
1312321432
1313111212
1314411314
1315321213
1316342134
1317111111
1318214433
1319111111
1320132414
1321131143
1322123414
1323441444
1324111323
1325112344
1326112313
1327111141
1328312224
1329342114
1330311413
1331221333
1332311244
1333111244
1334111244
1335111443
1336121343
1337311122
1338111111
1339311413
1340312234
1341223244
1342122241
1343111114
1344411144
1345444314
1346111144
1347111141
1348111241
1349111414
1350411444
1351111111
1352411414
1353111312
1354111111
1355411234
1356112344
1357111411
1358211133
1359111411
1360211444
1361333222
1362144141
1363111111
1364411444
1365441141
1366411444
1367411444
1368121112
1369211413
1370121144
1371211414
1372111114
1373414114
1374111341
1375211134
1376111214
1377331324
1378111141
1379111311
1380211344
1381414124
1382222224
1383111441
1384211232
1385411434
1386111144
1387111444
1388311311
1389111242
1390111323
1391322343
1392431312
1393441144
1394411114
1395211114
1396444444
1397414414
1398111441
1399211212
1400211113
1401311411
1402333333
1403311432
1404111243
1405111311
1406341441
1407412344
1408411414
1409211212
1410111114
1411412123
1412122222
1413111332
1414323244
1415323213
1416111213
1417231234
1418141414
1419111444
1420322343
1421111344
1422311314
1423431141
1424311222
1425232134
1426313433
1427211132
1428112244
1429111114
1430341131
1431111441
1432123123
1433111111
1434111324
1435134344
1436212344
1437311223
1438411414
1439111214
1440311211
1441111441
1442211443
1443111314
1444111114
1445421113
1446411214
1447114111
1448111314
1449111411
1450342441
1451211133
1452111414
1453444141
1454311133
1455311132
1456141144
1457411213
1458441111
1459111123
1460311313
1461411314
1462111114
1463111111
1464341412
1465111111
1466231314
1467114111
1468111114
1469311213
1470311242
1471241313
1472311334
1473411111
1474111413
1475111412
1476141114
1477222141
1478421212
1479321323
1480343343
1481341143
1482111244
1483111133
1484244423
1485211444
1486411111
1487443123
1488311334
1489312213
1490411132
1491313434
1492311314
1493441323
1494241111
1495232243
1496111414
1497223234
1498411414
1499111323
1500121132
1501111443
1502411113
1503111314
1504111313
1505141142
1506412114
1507112144
1508322344
1509411314
1510111313
1511331344
1512111313
1513322124
1514111312
1515211344
1516211234
1517122343
1518411132
1519143441
1520321113
1521144241
1522111123
1523244344
1524311214
1525411314
1526411424
1527414414
1528311243
1529233232
1530211234
1531111414
1532234342
1533211213
1534411444
1535141444
1536411311
1537411314
1538311444
1539113313
1540233333
1541411314
1542111244
1543411214
1544134321
1545111444
1546444112
1547231442
1548321122
1549111314
1550222144
1551411444
1552311214
1553111231
1554333212
1555311342
1556111433
1557211212
1558422111
1559111244
1560431234
1561111211
1562411121
1563111414
1564341112
1565332223
1566111221
1567411113
1568111413
1569111442
1570244233
1571311411
1572411213
1573111113
1574141124
1575111213
1576131444
1577111314
1578122413
1579113143
1580211144
1581411223
1582311414
1583233323
1584311313
1585311333
1586111442
1587131112
1588111443
1589411444
1590111344
1591311311
1592411241
1593211142
1594211323
1595444112
1596411144
1597211411
1598411114
1599111214
1600333113
1601211114
1602211412
1603121441
1604313414
1605411444
1606111123
1607413431
1608411124
1609444443
1610213443
1611211111
1612111412
1613311144
1614331222
1615333243
1616444344
1617221334
1618311333
1619311414
1620343112
1621421312
1622421111
1623141414
1624223112
1625311113
1626333344
1627422141
1628321324
1629111412
1630114311
1631211132
1632131123
1633432444
1634211313
1635223212
1636231232
1637411231
1638411323
1639111142
1640222223
1641111433
1642311141
1643111423
1644411443
1645441314
1646312243
1647233423
1648131312
1649411213
1650314432
1651213143
1652211441
1653411334
1654312341
1655411243
1656411231
1657211133
1658111222
1659211441
1660111323
1661144413
1662331222
1663311313
1664211233
1665411124
1666421244
1667114414
1668111343
1669322214
1670231422
1671441124
1672111333
1673411441
1674332123
1675221213
1676311123
1677411324
1678343113
1679111411
1680112213
1681133241
1682111414
1683441414
1684211313
1685333223
1686221113
1687111343
1688311134
1689311213
1690111313
1691411333
1692231223
1693322224
1694231343
1695322123
1696111323
1697411114
1698312333
1699211441
1700411144
1701311424
1702411233
1703111223
1704312314
1705411433
1706311411
1707311444
1708111444
1709142444
1710111324
1711111131
1712411314
1713111212
1714211312
1715111334
1716113424
1717414323
1718111241
1719411223
1720111434
1721211444
1722211112
1723411324
1724411432
1725413414
1726221333
1727411214
1728321124
1729321223
1730332233
1731111213
1732411232
1733241423
1734111341
1735421334
1736211223
1737231234
1738331314
1739312333
1740431244
1741411144
1742211332
1743111244
1744311414
1745111213
1746232333
1747343243
1748211244
1749111113
1750111441
1751111431
1752422322
1753243424
1754111411
1755211233
1756111414
1757211214
1758112234
1759231324
1760111413
1761323123
1762144443
1763311214
1764111444
1765411311
1766111241
1767311143
1768313313
1769411324
1770444444
1771311224
1772141234
1773111414
1774411323
1775431334
1776413234
1777311143
1778114131
1779311334
1780311213
1781113241
1782311111
1783111443
1784411134
1785411214
1786111113
1787111143
1788222243
1789411413
1790111341
1791411442
1792341124
1793313233
1794144144
1795211344
1796211313
1797213323
1798111411
1799144242
1800111444
1801213434
1802111233
1803414421
1804331313
1805111411
1806222342
1807241444
1808221223
1809111311
1810121222
1811221122
1812221142
1813411144
1814342114
1815322423
1816111141
1817322332
1818122311
1819111233
1820111313
1821331121
1822411112
1823311213
1824411444
1825221133
1826211214
1827431113
1828141311
1829121241
1830311333
1831244124
1832321332
1833444324
1834313344
1835411312
1836312432
1837111411
1838414411
1839311323
1840111334
1841111143
1842111341
1843443144
1844433332
1845122312
1846321344
1847431321
1848111113
1849441113
1850341243
1851121141
1852323343
1853111413
1854131123
1855111314
1856311344
1857231214
1858231234
1859443134
1860441133
1861343313
1862311313
1863311234
1864334333
1865411444
1866411234
1867111144
1868111113
1869311344
1870114133
1871444424
1872142214
1873333342
1874411114
1875211214
1876314144
1877411434
1878424144
1879114213
1880333143
1881331114
1882421314
1883411144
1884411213
1885444142
1886211324
1887111442
1888222243
1889311333
1890141244
1891311434
1892312333
1893114124
1894111341
1895431332
1896332314
1897441344
1898311213
1899132144
1900141341
1901111143
1902222343
1903444414
1904111411
1905221414
1906214213
1907322442
1908222332
1909311124
1910111414
1911311332
1912111341
1913441244
1914311412
1915243223
1916432444
1917322213
1918341333
1919413333
1920111243
1921111444
1922111144
1923312223
1924411411
1925422423
1926114141
1927211442
1928111411
1929111444
1930323213
1931312314
1932334441
1933444113
1934111411
1935214142
1936414444
1937111411
1938111141
1939332234
1940111441
1941212441
1942321334
1943333332
1944414441
1945111141
1946444444
1947111141
1948441344
1949111141
1950323242
1951111141
1952411242
1953333333
1954321344
1955411411
1956213344
1957111441
1958414124
1959411434
1960114444
1961211311
1962311114
1963342332
1964411233
1965111143
1966111441
1967142132
1968414111
1969131344
1970233244
1971111114
1972333143
1973132322
1974411214
1975111214
1976111314
1977111414
1978111111
1979432222
1980111144
1981213323
1982111141
1983144444
1984411424
1985411411
1986212344
1987411443
1988223443
1989313332
1990141444
1991421421
1992412433
1993411144
1994133442
1995211323
1996211424
1997144144
1998111143
1999141243
2000111444
2001121333
2002111114
2003114411
2004311243
2005111411
2006322432
2007411334
2008411111
2009321223
2010111214
2011111414
2012111411
2013111444
2014331433
2015411444
2016321144
2017111444
2018422344
2019212344
2020411214
2021344344
2022333434
2023321242
2024411444
2025111444
2026311112
2027444444
2028311113
2029414111
2030123141
2031111134
2032421441
2033121341
2034411414
2035141314
2036311441
2037311213
2038111144
2039444344
2040414141
2041212123
2042311243
2043311213
2044311223
2045221344
2046441314
2047111241
2048311223
2049321144
2050141441
2051411443
2052211331
2053212334
2054411144
2055441114
2056441144
2057321334
2058111441
2059111414
2060111444
2061111144
2062111444
2063111444
2064411214
2065111444
2066414444
2067111244
2068411114
2069321133
2070114111
2071412443
2072111414
2073111223
2074441444
2075112144
2076311332
2077322433
2078221344
2079411141
2080311334
2081111444
2082111144
2083412341
2084111141
2085141144
2086111414
2087441441
2088422444
2089411411
2090111444
2091111444
2092132211
2093112312
2094444142
2095441414
2096111444
2097411131
2098444144
2099111444
2100211144
2101211414
2102411213
2103111414
2104444424
2105121232
2106111144
2107321444
2108441414
2109441444
2110444344
2111211433
2112411441
2113311324
2114111441
2115411334
2116113414
2117111414
2118213134
2119211134
2120411414
2121111441
2122141411
2123114411
2124411444
2125411141
2126141414
2127144243
2128112423
2129311414
2130111241
2131411141
2132411114
2133111414
2134441444
2135441312
2136331411
2137444444
2138411213
2139113114
2140321142
2141312432
2142121443
2143411234
2144111144
2145111141
2146444414
2147411324
2148141231
2149244442
2150111444
2151213323
2152114414
2153411114
2154114111
2155111141
2156111411
2157311244
2158111242
2159111114
2160213424
2161111444
2162412314
2163211434
2164121334
2165311223
2166111333
2167411444
2168411414
2169211424
2170424114
2171222143
2172311422
2173324212
2174312313
2175314343
2176111141
2177141341
2178111314
2179131212
2180442442
2181141121
2182111343
2183444444
2184211433
2185411323
2186114141
2187444414
2188444141
2189444444
2190114111
2191322232
2192411414
2193134414
2194211223
2195111444
2196341114
2197111411
2198111141
2199333343
2200411141
2201411413
2202114144
2203433333
2204111144
2205411314
2206111144
2207111411
2208322323
2209311333
2210411244
2211243243
2212111444
2213111414
2214111144
2215414144
2216211441
2217143423
2218221221
2219212323
2220211142
2221442334
2222411414
2223141333
2224214441
2225312414
2226144343
2227134334
2228133223
2229442444
2230211441
2231141244
2232411143
2233342334
2234411323
2235411213
2236311134
2237334323
2238212424
2239312143
2240111424
2241431332
2242231314
2243244441
2244444444
2245411213
2246421114
2247333113
2248134344
2249331311
2250421444
2251411211
2252314343
2253434143
2254413242
2255441214
2256111243
2257141214
2258412313
2259412444
2260211142
2261442442
2262143414
2263411414
2264411442
2265411324
2266122413
2267341414
2268432344
2269211343
2270241321
2271121414
2272241433
2273411433
2274214443
2275111444
2276122333
2277222243
2278442244
2279322344
2280413211
2281311212
2282114241
2283211314
2284111344
2285111443
2286111414
2287111411
2288441444
2289111143
2290112143
2291111443
2292211212
2293411314
2294441124
2295444244
2296122234
2297311442
2298411441
2299411414
2300211242
2301141143
2302211432
2303111414
2304211442
2305232443
2306232243
2307142441
2308411443
2309441124
2310121424
2311222333
2312412424
2313141311
2314431414
2315333334
2316241342
2317411243
2318111243
2319312432
2320414211
2321211333
2322444444
2323111112
2324411134
2325412444
2326311444
2327441412
2328412124
2329121441
2330121432
2331413113
2332444143
2333421314
2334111244
2335411434
2336433444
2337324211
2338411243
2339411431
2340111344
2341112444
2342133344
2343444414
2344421344
2345111442
2346141444
2347311143
2348111243
2349444244
2350111214
2351111441
2352331411
2353242123
2354442314
2355311433
2356433244
2357411244
2358211323
2359322344
2360344444
2361332224
2362431414
2363414233
2364411424
2365211333
2366322313
2367231214
2368111214
2369443443
2370421333
2371211333
2372114444
2373111343
2374111413
2375411314
2376111214
2377243414
2378111241
2379411144
2380411234
2381434344
2382111244
2383444114
2384311434
2385111414
2386333343
2387441341
2388111144
2389111221
2390141323
2391311433
2392232133
2393141414
2394433314
2395311223
2396141214
2397221212
2398344432
2399111414
2400421114
2401411114
2402414432
2403111214
2404114433
2405343434
2406111344
2407141332
2408333213
2409431433
2410313443
2411424243
2412444434
2413414413
2414431141
2415411114
2416411212
2417311334
2418444444
2419421344
2420411344
2421311313
2422111314
2423311414
2424222124
2425213322
2426232332
2427341113
2428321431
2429444324
2430311334
2431411444
2432134232
2433444233
2434121424
2435211314
2436311341
2437441314
2438111443
2439311333
2440311413
2441411441
2442124444
2443414314
2444121441
2445444114
2446231343
2447431144
2448414234
2449411243
2450211443
2451241324
2452413233
2453311234
2454214411
2455111343
2456411442
2457422141
2458411414
2459424112
2460222324
2461311414
2462111244
2463411144
2464111444
2465123441
2466444144
2467233133
2468311241
2469112414
2470441443
2471411134
2472333333
2473134413
2474311444
2475231444
2476411241
2477444341
2478121443
2479311413
2480411444
2481333223
2482341222
2483321322
2484341431
2485411314
2486313224
2487441224
2488424414
2489231443
2490411444
2491411414
2492114442
2493414434
2494211334
2495414443
2496142343
2497333323
2498422233
2499242142
2500113244
2501411143
2502121443
2503444322
2504421222
2505411343
2506211444
2507111414
2508222423
2509312144
2510411344
2511444414
2512122114
2513213334
2514321314
2515332214
2516113441
2517141341
2518414333
2519132234
2520411233
2521342414
2522211142
2523121243
2524212341
2525441144
2526113233
2527444444
2528211424
2529121241
2530311414
2531333344
2532321344
2533122343
2534111443
2535232422
2536313234
2537323333
2538221444
2539111144
2540211343
2541142333
2542411443
2543114443
2544211414
2545433323
2546122321
2547444344
2548442321
2549432442
2550233144
2551433144
2552224324
2553344423
2554411434
2555444342
2556411441
2557424444
2558133343
2559411443
2560411343
2561341411
2562141331
2563444414
2564121444
2565141334
2566341444
2567411434
2568112344
2569411313
2570421144
2571111314
2572213334
2573322413
2574311313
2575111242
2576122344
2577311434
2578241333
2579111441
2580411144
2581411144
2582111441
2583111441
2584111414
2585424444
2586311343
2587411141
2588111344
2589411141
2590321344
2591212422
2592441444
2593444444
2594322213
2595441414
2596212334
2597232343
2598322333
2599311342
2600411114
2601434414
2602144444
2603111414
2604111444
2605111441
2606144441
2607114441
2608341224
2609411114
2610444433
2611323344
2612144414
2613441414
2614443444
2615233432
2616441444
2617411411
2618111444
2619411214
2620111441
2621411213
2622311413
2623411144
2624141444
2625411444
2626412144
2627411414
2628233343
2629111342
2630411414
2631111441
2632144444
2633411444
2634111444
2635411414
2636411444
2637444144
2638141444
2639233344
2640111414
2641412444
2642414444
2643323144
2644321444
2645111114
2646333433
2647144444
2648441144
2649411244
2650411414
2651443344
2652411414
2653243433
2654411434
2655111442
2656322344
2657111144
2658111144
2659131434
2660211343
2661312223
2662412442
2663131441
2664441343
2665444414
2666411434
2667333343
2668132334
2669414414
2670311444
2671141444
2672222314
2673411114
2674441411
2675211434
2676441444
2677423311
2678414444
2679111444
2680141444
2681411324
2682311244
2683111444
2684411444
2685111244
2686411144
2687444143
2688411414
2689412344
2690414441
2691411444
2692411134
2693411334
2694411414
2695411414
2696141114
2697321344
2698411414
2699411444
2700122214
2701412234
2702344234
2703322414
2704411444
2705311322
2706211244
2707434322
2708413214
2709411144
2710111441
2711111444
2712442443
2713411441
2714423334
2715144342
2716114441
2717443341
2718333324
2719411144
2720444414
2721111342
2722111414
2723411144
2724132344
2725141411
2726311343
2727114444
2728111441
2729411444
2730111444
2731411114
2732111441
2733421324
2734342123
2735111441
2736414444
2737434144
2738411441
2739411441
2740311144
2741111444
2742311443
2743221334
2744111442
2745311343
2746111444
2747444114
2748243221
2749444312
2750344214
2751141444
2752311134
2753111234
2754411414
2755422334
2756411414
2757341414
2758411414
2759444444
2760411444
2761111444
2762334344
2763111343
2764111444
2765241324
2766314233
2767223422
2768422313
2769111144
2770111411
2771141244
2772411444
2773414414
2774244424
2775311444
2776111214
2777411214
2778111444
2779433333
2780111444
2781444444
2782111144
2783332243
2784111441
2785323344
2786222344
2787431333
2788411114
2789311233
2790431334
2791414414
2792111444
2793311414
2794144321
2795111414
2796411144
2797411444
2798441114
2799411414
2800444444
2801411414
2802222343
2803441242
2804411443
2805144324
2806433313
2807441214
2808214144
2809411444
2810413141
2811433343
2812332434
2813134331
2814321443
2815311433
2816411344
2817313144
2818212441
2819431313
2820444434
2821413224
2822444244
2823332443
2824244443
2825411414
2826322333
2827341434
2828411444
2829444124
2830444443
2831314413
2832241144
2833311443
2834441434
2835332323
2836311444
2837331444
2838442432
2839111444
2840313344
2841413243
2842141141
2843411444
2844424244
2845411334
2846111444
2847431244
2848232324
2849433444
2850413414
2851341344
2852321444
2853211434
2854232343
2855114444
2856411112
2857313223
2858321343
2859122434
2860144142
2861414444
2862411444
2863121444
2864144112
2865411313
2866411441
2867141442
2868144144
2869123442
2870411244
2871441413
2872421414
2873141341
2874144414
2875321244
2876414444
2877134343
2878243444
2879411414
2880444443
2881323343
2882222242
2883314234
2884111444
2885412334
2886321144
2887131224
2888411444
2889414244
2890411244
2891432344
2892411244
2893421444
2894111344
2895233344
2896442344
2897344234
2898211441
2899342334
2900144244
2901444343
2902411413
2903411244
2904444414
2905144121
2906211444
2907342414
2908433343
2909313334
2910211344
2911221324
2912431343
2913212143
2914244234
2915311444
2916411443
2917434142
2918332424
2919442443
2920343342
2921312333
2922441414
2923331444
2924411441
2925313443
2926342224
2927111444
2928111434
2929411334
2930444444
2931422344
2932321314
2933334432
2934431444
2935411344
2936423441
2937441134
2938323344
2939411144
2940443343
2941411444
2942344444
2943422314
2944441141
2945322244
2946111441
2947411343
2948114344
2949444244
2950411314
2951441411
2952311343
2953311444
2954411444
2955124344
2956411344
2957441414
2958333414
2959333443
2960443113
2961323233
2962114444
2963411314
2964441444
2965444243
2966411414
2967332323
2968414313
2969213344
2970434244
2971244344
2972222244
2973111444
2974411344
2975343444
2976444343
2977422344
2978222233
2979441314
2980333442
2981411443
2982444444
2983334243
2984321144
2985422441
2986343134
2987414324
2988344243
2989433444
2990331334
2991442444
2992333344
2993434444
2994111341
2995333433
2996323233
2997311444
2998232433
2999341114
3000411444
3001411414
3002211414
3003314444
3004441414
3005311444
3006141314
3007441444
3008444434
3009141244
3010444143
3011444142
3012111441
3013411444
3014111144
3015434422
3016444431
3017333333
3018144444
3019411443
3020321424
3021444444
3022333434
3023231441
3024311443
3025432324
3026412424
3027441444
3028414441
3029222422
3030111144
3031411144
3032413344
3033334434
3034444444
3035411344
3036441444
3037411444
3038343444
3039111444
3040414114
3041321244
3042141144
3043414441
3044141144
3045314424
3046144444
3047444431
3048141144
3049444331
3050141444
3051411444
3052414411
3053431244
3054212444
3055444442
3056444444
3057444343
3058143443
3059424444
3060111414
3061111444
3062414141
3063124444
3064334241
3065441444
3066414441
3067411144
3068111444
3069144444
3070111444
3071144441
3072444444
3073144144
3074114441
3075341442
3076411442
3077411313
3078411114
3079333433
3080441144
3081444414
3082411444
3083444444
3084411444
3085441443
3086441144
3087111444
3088441343
3089343444
3090434344
3091311443
3092444433
3093411444
3094433444
3095411144
3096411441
3097444444
3098111444
3099411414
3100434434
3101411144
3102344341
3103444444
3104111441
3105411144
3106441444
3107111444
3108444144
3109411334
3110411444
3111444243
3112244434
3113441141
3114442243
3115143413
3116111444
3117422434
3118414414
3119431413
3120414144
3121344244
3122444444
3123344444
3124411441
3125411424
3126331334
3127413441
3128444413
3129114444
3130431444
3131214244
3132144444
3133144422
3134411414
3135121341
3136444244
3137142443
3138433344
3139111444
3140411414
3141411144
3142234343
3143411444
3144441343
3145334344
3146444444
3147244444
3148423343
3149444444
3150241444
3151331442
3152314443
3153344244
3154414414
3155344343
3156444244
3157414343
3158441344
3159141334
3160421344
3161133443
3162444444
3163143443
3164244444
3165423443
3166444444
3167441444
3168411444
3169411444
3170341434
3171411444
3172443444
3173411424
3174441434
3175114444
3176444444
3177344433
3178441443
3179444444
3180413444
3181444443
3182441444
3183131342
3184433144
3185343344
3186333444
3187411344
3188431344
3189444244
3190441443
3191444344
3192443444
3193244444
3194324344
3195114443
3196311344
3197433333
3198414244
3199311444
3200444443
3201133324
3202411444
3203144441
3204434413
3205332443
3206114444
3207344343
3208433442
3209414144
3210411444
3211344444
3212434344
3213444344
3214423443
3215133344
3216311444
3217441444
3218411443
3219414444
3220222444
3221244444
3222343322
3223113441
3224441134
3225444144
3226431444
3227334433
3228444444
3229344442
3230141144
3231444444
3232414344
3233444343
3234342134
3235144444
3236444434
3237444344
3238414344
3239144444
3240444443
3241411344
3242342443
3243444344
3244221444
3245324324
3246441344
3247441444
3248344444
3249144144
3250411444
3251141144
3252411444
3253444444
3254414444
3255341344
3256244342
3257111444
3258441444
3259344444
3260434343
3261443344
3262414444
3263411444
3264412444
3265114444
3266441343
3267444414
3268411444
3269114444
3270411444
3271333444
3272423434
3273444444
3274344143
3275444343
3276243444
3277144444
3278313444
3279411444
3280114444
3281444443
3282411444
3283232342
3284431424
3285411444
3286444441
3287342444
3288444414
3289444444
3290141444
3291413414
3292411434
3293114444
3294344424
3295343344
3296441441
3297134444
3298444144
3299414444
3300432444
3301141441
3302144444
3303411444
3304411444
3305414444
3306144444
3307444343
3308344434
3309414244
3310414444
3311414444
3312414444
3313444444
3314314344
3315433243
3316411444
3317411444
3318334342
3319114444
3320244144
3321323243
3322442444
3323422444
3324343443
3325444344
3326234444
3327444444
3328443434
3329442444
3330234442
3331431444
3332222444
3333444434
3334344444
3335442441
3336444324
3337424444
3338311444
3339144434
3340344434
3341444444
3342444444
3343444444
3344421444
3345444444
3346444444
3347413444
3348443343
3349241444
3350414344
3351444241
3352444114
3353443344
3354442444
3355444334
3356433343
3357244432
3358442444
3359444444
3360444444
3361433343
3362434444
3363444441
3364442344
3365343344
3366444344
3367313434
3368444444
3369144443
3370344343
3371244343
3372411444
3373444414
3374421444
3375442444
3376344344
3377124444
3378444444
3379444434
3380444442
3381441444
3382444444
3383444444
3384444444
3385444444
3386144444
3387441444
3388144444
3389444444
3390444424
3391444244
3392444444
3393434434
3394114444
3395441444
3396441444
3397444134
3398444443
3399444444
3400422444
3401444444
3402444414
3403414444
3404433343
3405444441
3406444444
3407432443
3408443243
3409444444
3410441444
3411244444
3412444444
3413334344
3414434444
3415334344
3416441444
3417233444
3418344444
3419444444
3420444443
3421144444
3422444444
3423444444
3424444434
3425442444
3426414444
3427444444
3428444444
3429433434
3430144444
3431444414
3432444444
3433444444
3434444444
3435444444
3436444444
3437444444
3438144444
3439414444
3440444444
3441414444
3442144444
3443444444
3444444444
3445444414
3446444444
3447444444
3448444444
3449444444
3450444444
3451444444
3452444444
3453444344
3454444434
3455444444
3456444444
3457444444
3458444444
3459444444
3460444444
3461444444
3462444444
3463444444
3464444444
3465444444
3466444444
3467444444
3468444444
3469444444
3470444444
3471444444
3472444444
3473444444



