"Time01" "Time02" "Time03" "Time04" "Time05" "Time06" "Time07" "Time08" "Time09" "Time10" "Time11" "Time12" "Time15" "Time14" "Time13" "Time16" "Time19" "Time18" "Time17" "Time20" "Time21" "ID" "Language" "Gender" "Person"
"1" 81 21 22 27 108 34 25 32 22 36 34 18 0 0 0 0 0 0 0 0 0 500 "FemaleFR" "2" 500
"2" 118 69 28 28 141 23 28 78 79 33 8 8 0 0 0 0 0 0 0 0 0 499 "FemaleNL" "2" 499
"3" 51 50 62 38 94 37 18 23 23 35 32 21 27 66 66 0 0 0 0 0 0 498 "MaleFR" "1" 498
"4" 78 15 11 31 60 10 13 13 18 29 11 9 46 53 79 44 43 17 106 17 0 497 "UnknownNL" NA 497
"5" 138 75 36 86 83 28 23 62 35 112 30 20 0 0 0 0 0 0 0 0 0 496 "MaleNL" "1" 496
"6" 128 161 15 172 48 51 34 51 47 38 38 35 0 0 0 0 0 0 0 0 0 495 "MaleFR" "1" 495
"7" 58 38 27 103 53 36 39 40 23 59 30 40 0 0 0 0 0 0 0 0 0 494 "MaleNL" "1" 494
"8" 223 227 199 154 271 31 92 0 0 0 0 0 0 0 0 0 0 0 0 0 0 493 "MaleFR" "1" 493
"9" 118 33 22 67 72 45 32 65 55 27 10 11 0 0 0 0 0 0 0 0 0 492 "MaleFR" "1" 492
"10" 195 86 97 69 165 140 17 20 43 27 51 18 0 0 0 0 0 0 0 0 0 491 "MaleFR" "1" 491
"11" 89 32 18 31 88 94 20 76 27 9 3 21 0 0 0 0 0 0 0 0 0 490 "UnknownNL" NA 490
"12" 52 9 15 22 82 6 16 12 83 11 6 9 19 58 111 15 36 27 216 9 0 489 "MaleFR" "1" 489
"13" 74 133 52 65 43 25 23 16 50 19 12 8 26 59 69 11 23 15 29 0 0 488 "FemaleFR" "2" 488
"14" 58 126 55 216 69 28 34 42 55 23 28 13 0 0 0 0 0 0 0 0 0 487 "FemaleNL" "2" 487
"15" 68 9 7 8 96 15 14 28 49 9 8 14 35 51 62 14 17 20 73 0 0 486 "FemaleNL" "2" 486
"16" 149 121 34 62 50 47 39 54 27 77 34 18 0 0 0 0 0 0 0 0 0 485 "MaleNL" "1" 485
"17" 52 92 44 16 112 18 33 30 51 31 12 15 10 0 0 0 0 0 0 0 0 484 "MaleNL" "1" 484
"18" 82 32 30 59 94 74 25 27 46 104 60 22 0 0 0 0 0 0 0 0 0 483 "MaleNL" "1" 483
"19" 177 88 50 55 62 77 58 68 139 73 55 55 0 0 0 0 0 0 0 0 0 482 "MaleFR" "1" 482
"20" 127 140 23 47 85 74 45 74 31 33 17 23 0 0 0 0 0 0 0 0 0 481 "MaleFR" "1" 481
"21" 89 77 39 14 55 10 20 18 53 18 7 10 25 35 72 11 16 14 77 14 0 480 "MaleNL" "1" 480
"22" 419 311 212 259 0 0 0 0 0 0 0 0 0 0 0 0 0 0 0 0 0 479 "MaleNL" "1" 479
"23" 143 137 25 74 158 32 28 42 4 76 28 36 0 0 0 0 0 0 0 0 0 478 "MaleNL" "1" 478
"24" 201 23 13 16 131 15 27 34 90 17 8 8 4 0 0 0 0 0 0 0 0 477 "UnknownNL" NA 477
"25" 171 130 100 79 178 99 40 35 60 45 14 24 0 0 0 0 0 0 0 0 0 476 "MaleFR" "1" 476
"26" 72 41 20 50 42 56 42 56 19 38 21 21 0 0 0 0 0 0 0 0 0 475 "MaleFR" "1" 475
"27" 54 21 8 16 63 8 13 20 47 15 6 8 18 72 88 8 19 18 169 47 0 474 "FemaleNL" "2" 474
"28" 21 64 19 37 40 48 21 52 17 57 16 13 73 62 87 23 0 0 0 0 0 473 "FemaleFR" "2" 473
"29" 79 28 112 35 93 23 14 38 46 10 10 55 12 22 33 0 0 0 0 0 0 472 "MaleNL" "1" 472
"30" 62 66 40 45 148 45 22 58 93 15 18 12 0 0 0 0 0 0 0 0 0 469 "MaleFR" "1" 469
"31" 155 198 67 124 143 42 85 50 41 33 39 13 0 0 0 0 0 0 0 0 0 468 "MaleFR" "1" 468
"32" 124 153 86 82 67 53 74 67 58 46 23 32 0 0 0 0 0 0 0 0 0 467 "MaleFR" "1" 467
"33" 87 90 53 201 71 219 33 121 40 77 37 41 0 0 0 0 0 0 0 0 0 466 "MaleFR" "1" 466
"34" 61 152 18 44 69 60 54 67 77 61 28 19 0 0 0 0 0 0 0 0 0 465 "MaleFR" "1" 465
"35" 52 35 18 11 49 12 45 50 36 94 17 26 49 57 0 0 0 0 0 0 0 464 "MaleFR" "1" 464
"36" 113 22 24 33 161 11 22 21 57 17 13 15 18 33 0 0 0 0 0 0 0 463 "FemaleFR" "2" 463
"37" 53 76 48 27 134 54 42 21 51 23 13 36 27 51 0 0 0 0 0 0 0 462 "FemaleNL" "2" 462
"38" 133 71 62 104 41 46 28 35 21 43 22 20 0 0 0 0 0 0 0 0 0 461 "MaleFR" "1" 461
"39" 91 96 51 69 76 24 18 17 33 13 7 9 28 15 50 52 0 0 0 0 0 460 "FemaleNL" "2" 460
"40" 45 15 18 12 111 38 20 21 67 15 11 9 0 0 0 0 0 0 0 0 0 459 "UnknownNL" NA 459
"41" 195 18 75 137 171 8 28 33 60 15 8 25 0 0 0 0 0 0 0 0 0 458 "MaleNL" "1" 458
"42" 83 7 11 17 57 6 10 10 48 20 6 19 27 60 70 10 17 11 62 11 0 457 "MaleFR" "1" 457
"43" 123 8 6 15 90 4 12 17 73 9 7 24 27 38 117 0 0 0 0 0 0 456 "MaleNL" "1" 456
"44" 139 32 11 19 140 16 34 23 108 18 28 17 0 0 0 0 0 0 0 0 0 455 "FemaleFR" "2" 455
"45" 93 83 75 54 30 31 46 33 25 39 19 12 23 29 37 21 0 0 0 0 0 454 "MaleNL" "1" 454
"46" 136 48 30 25 83 30 17 34 55 12 9 18 20 98 65 7 0 0 0 0 0 453 "MaleFR" "1" 453
"47" 65 45 14 14 56 43 28 74 48 28 12 14 0 0 0 0 0 0 0 0 0 452 "MaleNL" "1" 452
"48" 87 51 21 32 66 50 44 72 96 37 40 17 0 0 0 0 0 0 0 0 0 451 "MaleNL" "1" 451
"49" 30 12 13 16 28 11 13 12 34 10 12 9 11 44 66 16 24 19 66 15 33 450 "FemaleFR" "2" 450
"50" 105 54 15 27 101 11 25 16 73 9 9 14 16 35 101 0 0 0 0 0 0 449 "FemaleFR" "2" 449
"51" 87 104 33 16 81 9 12 17 60 12 11 10 19 107 0 0 0 0 0 0 0 448 "MaleNL" "1" 448
"52" 110 53 36 22 102 13 18 18 51 15 6 8 26 23 0 0 0 0 0 0 0 447 "MaleFR" "1" 447
"53" 49 32 28 131 30 38 35 35 27 49 18 106 0 0 0 0 0 0 0 0 0 446 "FemaleNL" "2" 446
"54" 125 43 24 44 50 30 32 31 27 37 27 19 22 84 125 0 0 0 0 0 0 445 "MaleNL" "1" 445
"55" 76 26 19 35 76 21 13 44 33 20 13 14 15 35 63 17 32 32 0 0 0 444 "MaleFR" "1" 444
"56" 62 10 13 7 62 18 12 13 36 7 5 7 12 43 89 16 15 15 51 7 32 443 "FemaleNL" "2" 443
"57" 56 25 20 41 42 24 25 35 36 25 17 38 19 41 99 31 54 31 18 0 0 442 "MaleFR" "1" 442
"58" 60 37 16 34 81 18 26 11 63 11 4 7 32 41 66 13 16 23 133 12 0 441 "MaleFR" "1" 441
"59" 88 55 21 47 68 30 50 34 48 110 37 31 0 0 0 0 0 0 0 0 0 440 "MaleFR" "1" 440
"60" 58 110 23 93 119 55 33 85 78 35 42 19 0 0 0 0 0 0 0 0 0 439 "MaleFR" "1" 439
"61" 113 14 14 6 65 15 20 48 29 43 45 7 17 11 8 0 0 0 0 0 0 438 "MaleFR" "1" 438
"62" 36 22 15 26 26 11 21 28 31 19 17 10 32 66 64 8 10 13 90 34 0 437 "MaleFR" "1" 437
"63" 95 45 26 26 67 86 67 52 24 35 23 15 37 24 0 0 0 0 0 0 0 436 "FemaleFR" "2" 436
"64" 83 19 56 26 113 54 56 50 15 53 35 36 0 0 0 0 0 0 0 0 0 435 "UnknownNL" NA 435
"65" 119 54 33 43 78 50 30 47 46 9 5 14 45 53 5 0 0 0 0 0 0 434 "MaleNL" "1" 434
"66" 93 47 39 18 64 38 22 20 32 20 20 32 36 31 60 51 40 42 44 0 0 433 "FemaleNL" "2" 433
"67" 81 126 25 53 70 43 37 30 34 45 8 10 0 0 0 0 0 0 0 0 0 432 "MaleFR" "1" 432
"68" 94 109 166 118 53 51 29 73 132 148 106 33 0 0 0 0 0 0 0 0 0 431 "MaleNL" "1" 431
"69" 94 105 39 55 107 70 74 50 75 50 31 38 0 0 0 0 0 0 0 0 0 430 "MaleNL" "1" 430
"70" 48 89 43 83 56 29 23 41 49 69 38 13 12 0 0 0 0 0 0 0 0 429 "MaleNL" "1" 429
"71" 45 49 16 17 38 24 13 25 44 52 8 11 17 74 72 47 19 0 0 0 0 428 "MaleNL" "1" 428
"72" 43 26 9 17 46 13 14 22 47 26 9 8 16 69 64 18 14 19 92 14 0 427 "MaleFR" "1" 427
"73" 96 133 22 32 28 114 30 77 61 42 19 28 0 0 0 0 0 0 0 0 0 426 "MaleNL" "1" 426
"74" 44 32 7 13 66 19 11 25 32 10 8 10 19 51 73 8 15 25 113 22 0 425 "MaleNL" "1" 425
"75" 81 64 35 48 50 29 30 34 25 41 18 37 61 57 37 10 4 0 0 0 0 424 "FemaleFR" "2" 424
"76" 38 7 4 7 50 6 8 8 55 15 4 5 13 35 48 15 27 33 73 8 49 423 "FemaleNL" "2" 423
"77" 61 18 22 63 83 31 18 22 31 33 15 9 25 43 53 61 41 40 49 0 0 422 "MaleFR" "1" 422
"78" 94 22 7 21 83 36 16 29 59 28 30 12 23 51 117 10 6 0 0 0 0 421 "MaleNL" "1" 421
"79" 28 16 58 39 45 32 41 60 19 25 23 12 23 38 39 36 50 41 46 50 0 420 "MaleFR" "1" 420
"80" 47 33 40 44 30 25 27 83 69 33 11 8 19 20 31 23 38 33 18 23 0 419 "MaleFR" "1" 419
"81" 67 31 30 48 94 26 16 43 41 21 17 10 28 76 39 39 24 5 0 0 0 418 "MaleFR" "1" 418
"82" 57 50 27 41 63 34 46 46 15 12 24 13 67 92 6 0 0 0 0 0 0 417 "MaleFR" "1" 417
"83" 46 138 22 78 68 37 51 50 17 37 24 25 17 70 73 4 0 0 0 0 0 416 "MaleFR" "1" 416
"84" 83 94 75 198 94 60 66 61 61 72 35 33 0 0 0 0 0 0 0 0 0 415 "MaleFR" "1" 415
"85" 80 76 23 30 22 14 79 20 19 32 56 12 43 102 59 5 0 0 0 0 0 414 "MaleFR" "1" 414
"86" 37 36 11 27 53 5 10 17 103 6 4 7 19 36 69 7 13 17 133 9 0 413 "FemaleFR" "2" 413
"87" 105 93 64 45 145 37 55 38 59 10 7 12 0 0 0 0 0 0 0 0 0 412 "FemaleFR" "2" 412
"88" 75 6 9 14 64 12 23 33 65 20 18 15 17 52 71 12 24 39 48 0 0 411 "FemaleFR" "2" 411
"89" 89 29 22 13 92 9 13 21 49 26 5 11 15 40 123 9 45 35 46 0 0 410 "MaleNL" "1" 410
"90" 67 47 30 134 97 121 34 65 24 49 16 15 0 0 0 0 0 0 0 0 0 409 "FemaleNL" "2" 409
"91" 78 32 23 29 196 23 13 26 50 10 5 7 0 0 0 0 0 0 0 0 0 408 "FemaleFR" "2" 408
"92" 81 59 34 49 45 40 77 67 34 46 37 12 0 0 0 0 0 0 0 0 0 407 "FemaleNL" "2" 407
"93" 130 80 51 63 86 26 26 26 58 29 9 16 0 0 0 0 0 0 0 0 0 406 "MaleNL" "1" 406
"94" 127 74 37 44 55 32 67 26 110 10 14 12 0 0 0 0 0 0 0 0 0 405 "MaleFR" "1" 405
"95" 147 83 56 83 88 102 31 86 95 57 22 60 0 0 0 0 0 0 0 0 0 404 "FemaleNL" "2" 404
"96" 112 151 172 45 211 73 76 59 54 63 44 42 0 0 0 0 0 0 0 0 0 403 "MaleFR" "1" 403
"97" 127 142 45 38 62 117 9 78 41 42 8 63 0 0 0 0 0 0 0 0 0 402 "MaleNL" "1" 402
"98" 72 62 21 66 61 28 12 41 28 28 14 21 0 0 0 0 0 0 0 0 0 501 "MaleNL" "1" 501
"99" 54 21 20 16 93 36 16 38 50 25 7 15 0 0 0 0 0 0 0 0 0 400 "FemaleFR" "2" 400
"100" 71 6 13 17 50 7 12 14 46 9 5 11 23 32 70 11 16 14 127 18 3 399 "MaleFR" "1" 399
"101" 59 111 131 20 86 65 44 50 78 17 8 11 0 0 0 0 0 0 0 0 0 398 "FemaleFR" "2" 398
"102" 61 40 26 25 80 24 24 14 62 32 25 27 32 19 35 40 0 0 0 0 0 397 "MaleNL" "1" 397
"103" 35 36 21 41 89 30 19 19 63 17 6 10 16 41 97 9 35 20 49 0 0 396 "FemaleFR" "2" 396
"104" 52 43 50 24 181 52 31 16 31 28 11 9 31 41 0 0 0 0 0 0 0 395 "MaleNL" "1" 395
"105" 22 29 22 73 101 38 38 61 46 66 36 28 0 0 0 0 0 0 0 0 0 394 "FemaleFR" "2" 394
"106" 113 37 25 23 35 67 19 32 46 28 13 14 18 57 44 0 0 0 0 0 0 393 "UnknownNL" NA 393
"107" 107 68 71 66 75 91 74 70 93 75 39 45 0 0 0 0 0 0 0 0 0 392 "MaleNL" "1" 392
"108" 50 83 9 16 80 15 16 27 20 36 29 10 12 8 10 9 0 0 0 0 0 391 "MaleNL" "1" 391
"109" 127 45 26 66 123 44 71 59 30 39 19 14 21 0 0 0 0 0 0 0 0 390 "MaleNL" "1" 390
"110" 47 51 52 58 85 57 24 36 48 17 16 12 20 0 0 0 0 0 0 0 0 389 "FemaleNL" "2" 389
"111" 118 12 10 16 117 12 26 22 71 29 18 15 0 0 0 0 0 0 0 0 0 388 "UnknownNL" NA 388
"112" 99 19 10 17 55 9 18 30 43 28 6 14 16 60 69 14 47 0 0 0 0 387 "FemaleNL" "2" 387
"113" 52 33 25 34 43 24 14 17 17 18 23 13 52 52 79 12 12 12 66 11 0 386 "MaleNL" "1" 386
"114" 25 167 51 77 64 91 14 42 20 86 30 15 0 0 0 0 0 0 0 0 0 385 "MaleNL" "1" 385
"115" 63 59 30 62 39 64 39 40 31 20 16 16 38 34 0 0 0 0 0 0 0 384 "MaleNL" "1" 384
"116" 119 60 20 25 156 34 13 25 53 11 12 25 0 0 0 0 0 0 0 0 0 383 "MaleNL" "1" 383
"117" 80 48 29 40 80 39 21 24 28 12 8 9 62 70 52 8 20 22 67 2 0 382 "UnknownNL" NA 382
"118" 32 34 57 35 15 25 15 63 22 33 12 15 65 57 63 20 42 15 8 0 0 381 "MaleNL" "1" 381
"119" 51 104 34 78 74 31 27 34 21 62 26 30 0 0 0 0 0 0 0 0 0 380 "MaleFR" "1" 380
"120" 81 81 29 78 83 120 38 76 54 38 30 20 0 0 0 0 0 0 0 0 0 379 "MaleNL" "1" 379
"121" 82 40 40 46 47 60 45 40 47 48 45 45 0 0 0 0 0 0 0 0 0 378 "FemaleFR" "2" 378
"122" 71 96 21 25 27 18 16 27 30 13 9 6 22 46 75 62 57 12 0 0 0 377 "MaleNL" "1" 377
"123" 81 44 52 62 46 67 33 36 42 49 63 33 0 0 0 0 0 0 0 0 0 376 "MaleNL" "1" 376
"124" 108 87 15 30 121 38 50 126 20 60 23 23 0 0 0 0 0 0 0 0 0 375 "MaleNL" "1" 375
"125" 77 54 62 56 75 48 42 39 54 49 22 22 0 0 0 0 0 0 0 0 0 374 "MaleNL" "1" 374
"126" 40 41 17 19 25 25 13 16 11 26 11 7 21 41 66 34 44 37 38 64 41 373 "MaleNL" "1" 373
"127" 15 46 38 48 39 24 22 23 15 22 26 8 52 54 43 35 31 12 33 16 0 372 "MaleNL" "1" 372
"128" 87 37 149 25 51 65 27 36 52 36 45 29 0 0 0 0 0 0 0 0 0 371 "MaleNL" "1" 371
"129" 80 130 20 14 129 15 13 18 35 47 19 9 61 48 0 0 0 0 0 0 0 370 "MaleNL" "1" 370
"130" 89 8 11 21 103 11 23 26 60 10 8 21 36 84 125 0 0 0 0 0 0 369 "MaleNL" "1" 369
"131" 37 40 18 17 6 17 9 8 37 15 16 21 46 48 18 37 29 12 12 12 23 368 "FemaleNL" "2" 368
"132" 54 11 4 9 33 8 8 12 21 6 5 21 12 89 71 9 52 18 82 8 43 367 "FemaleNL" "2" 367
"133" 59 5 5 9 37 4 10 13 78 10 6 8 15 42 70 6 10 18 97 10 63 366 "MaleFR" "1" 366
"134" 130 9 9 18 61 5 15 22 62 8 8 10 27 54 87 10 14 19 162 13 0 365 "MaleNL" "1" 365
"135" 104 37 24 58 32 19 17 26 18 20 26 19 22 145 103 2 0 0 0 0 0 364 "MaleFR" "1" 364
"136" 41 54 43 73 42 59 35 27 56 16 19 27 21 68 75 13 29 10 0 0 0 363 "MaleNL" "1" 363
"137" 66 49 15 42 44 26 30 32 30 33 12 11 15 39 63 11 12 12 73 8 27 362 "FemaleNL" "2" 362
"138" 72 81 28 24 42 18 21 41 22 22 16 20 39 43 95 15 81 6 0 0 0 361 "FemaleNL" "2" 361
"139" 163 120 71 69 80 34 30 47 59 84 38 57 0 0 0 0 0 0 0 0 0 360 "FemaleNL" "2" 360
"140" 44 87 26 131 189 34 39 75 25 43 47 29 0 0 0 0 0 0 0 0 0 359 "FemaleFR" "2" 359
"141" 81 73 40 52 102 42 45 39 63 70 19 11 0 0 0 0 0 0 0 0 0 358 "MaleFR" "1" 358
"142" 77 33 34 35 87 58 93 100 72 51 41 15 0 0 0 0 0 0 0 0 0 357 "FemaleFR" "2" 357
"143" 110 145 37 93 63 26 69 74 52 49 35 31 0 0 0 0 0 0 0 0 0 356 "MaleNL" "1" 356
"144" 39 21 11 20 48 42 37 22 46 8 8 8 14 43 76 7 37 13 121 0 0 355 "MaleNL" "1" 355
"145" 77 53 19 32 34 30 27 48 19 19 22 21 25 70 55 0 0 0 0 0 0 354 "FemaleFR" "2" 354
"146" 93 50 20 37 60 25 22 41 42 24 20 20 14 22 50 15 27 11 69 20 0 353 "MaleNL" "1" 353
"147" 87 32 6 10 52 9 22 15 37 7 6 12 19 39 164 11 46 19 74 11 0 352 "MaleNL" "1" 352
"148" 110 36 17 70 55 41 18 36 71 56 24 7 0 0 0 0 0 0 0 0 0 351 "MaleNL" "1" 351
"149" 273 66 15 48 178 39 42 28 36 33 17 19 0 0 0 0 0 0 0 0 0 350 "MaleFR" "1" 350
"150" 19 96 28 39 37 47 39 118 31 25 27 22 33 51 34 0 0 0 0 0 0 349 "MaleNL" "1" 349
"151" 68 48 15 27 78 11 20 24 60 12 16 9 15 26 100 11 16 16 0 0 0 348 "FemaleFR" "2" 348
"152" 76 70 33 25 180 18 30 41 68 20 9 23 0 0 0 0 0 0 0 0 0 347 "MaleNL" "1" 347
"153" 213 179 38 90 321 148 43 118 51 0 0 0 0 0 0 0 0 0 0 0 0 346 "FemaleFR" "2" 346
"154" 66 63 31 33 65 48 49 26 20 27 36 46 0 0 0 0 0 0 0 0 0 345 "MaleNL" "1" 345
"155" 88 38 50 51 67 16 19 20 59 11 22 19 27 66 51 0 0 0 0 0 0 344 "MaleNL" "1" 344
"156" 148 93 47 68 228 70 64 60 40 42 64 29 0 0 0 0 0 0 0 0 0 343 "MaleFR" "1" 343
"157" 281 11 10 18 114 19 14 42 75 24 8 17 0 0 0 0 0 0 0 0 0 342 "MaleNL" "1" 342
"158" 105 45 21 15 99 29 20 41 28 13 4 8 18 16 61 9 19 30 60 11 0 341 "MaleNL" "1" 341
"159" 28 60 19 38 36 31 14 19 25 27 14 8 50 33 91 26 39 25 42 30 0 340 "MaleNL" "1" 340
"160" 87 41 27 22 91 15 20 22 102 17 9 16 0 0 0 0 0 0 0 0 0 339 "MaleNL" "1" 339
"161" 42 27 21 35 49 44 39 20 25 31 21 13 52 65 62 7 0 0 0 0 0 338 "FemaleNL" "2" 338
"162" 91 46 11 13 34 11 15 15 46 15 9 10 21 54 114 13 17 14 241 0 0 337 "FemaleNL" "2" 337
"163" 93 12 8 10 66 9 15 18 48 13 7 12 12 42 65 10 31 25 96 12 0 336 "FemaleFR" "2" 336
"164" 116 40 36 51 63 65 27 45 33 48 22 27 12 0 0 0 0 0 0 0 0 335 "UnknownNL" NA 335
"165" 61 6 5 15 135 4 8 12 46 8 7 11 9 45 68 6 10 20 127 8 0 334 "UnknownNL" NA 334
"166" 129 59 18 18 134 13 20 20 99 35 8 15 21 33 16 0 0 0 0 0 0 333 "MaleFR" "1" 333
"167" 200 106 48 75 65 52 35 48 60 109 47 26 0 0 0 0 0 0 0 0 0 332 "FemaleNL" "2" 332
"168" 143 120 118 87 79 62 17 78 110 80 20 27 0 0 0 0 0 0 0 0 0 331 "FemaleFR" "2" 331
"169" 96 22 10 36 72 9 19 25 30 27 6 9 17 13 55 53 40 61 24 31 0 330 "FemaleNL" "2" 330
"170" 128 71 37 34 51 38 17 47 25 47 23 28 0 0 0 0 0 0 0 0 0 329 "FemaleFR" "2" 329
"171" 213 131 18 51 82 31 34 51 66 38 30 22 0 0 0 0 0 0 0 0 0 327 "MaleFR" "1" 327
"172" 112 8 7 19 133 20 16 18 130 15 13 14 0 0 0 0 0 0 0 0 0 327 "MaleFR" "1" 327
"173" 31 59 27 41 67 36 21 49 36 42 19 12 24 38 28 38 0 0 0 0 0 326 "MaleFR" "1" 326
"174" 73 35 13 31 32 19 24 19 27 41 28 10 18 48 63 25 17 22 113 97 0 325 "MaleFR" "1" 325
"175" 63 56 37 9 56 7 11 13 47 14 10 8 9 41 64 8 16 11 3 0 0 324 "MaleFR" "1" 324
"176" 91 37 22 31 157 34 35 55 65 35 11 9 0 0 0 0 0 0 0 0 0 323 "MaleFR" "1" 323
"177" 109 43 46 36 44 39 26 62 32 16 38 12 25 15 6 9 6 58 5 13 13 322 "MaleFR" "1" 322
"178" 92 74 95 78 95 52 76 115 53 60 51 50 0 0 0 0 0 0 0 0 0 321 "FemaleNL" "2" 321
"179" 112 77 50 56 140 35 35 39 123 14 16 38 0 0 0 0 0 0 0 0 0 320 "UnknownNL" NA 320
"180" 114 38 13 30 90 34 65 53 88 47 60 36 12 3 1 2 2 3 2 2 3 319 "MaleFR" "1" 319
"181" 175 76 14 23 94 32 29 29 89 10 12 13 0 0 0 0 0 0 0 0 0 318 "MaleFR" "1" 318
"182" 71 35 11 14 58 19 15 14 27 20 13 15 61 40 45 8 46 70 142 28 0 317 "MaleNL" "1" 317
"183" 54 33 10 11 39 31 30 19 38 36 9 10 19 45 113 9 19 26 134 20 0 316 "MaleNL" "1" 316
"184" 140 124 72 25 86 35 17 62 55 22 24 14 0 0 0 0 0 0 0 0 0 315 "FemaleFR" "2" 315
"185" 63 16 10 13 64 8 16 17 61 11 7 8 16 43 94 11 12 11 93 34 0 314 "MaleNL" "1" 314
"186" 51 42 12 14 103 15 12 17 44 12 6 8 20 72 52 12 15 21 100 14 0 313 "FemaleNL" "2" 313
"187" 65 38 15 18 74 9 11 21 45 13 7 11 20 65 81 15 12 19 84 10 0 312 "MaleNL" "1" 312
"188" 187 69 35 34 85 13 33 33 59 20 9 16 27 0 0 0 0 0 0 0 0 311 "FemaleFR" "2" 311
"189" 49 24 20 38 97 30 27 34 24 20 5 22 53 99 95 51 33 17 23 0 0 310 "MaleNL" "1" 310
"190" 70 23 7 12 46 6 11 28 35 12 7 13 21 43 56 7 18 18 80 12 0 309 "MaleNL" "1" 309
"191" 162 43 18 18 28 99 42 60 25 25 9 19 0 0 0 0 0 0 0 0 0 308 "FemaleNL" "2" 308
"192" 131 72 28 19 54 55 43 23 27 57 14 14 20 46 6 0 0 0 0 0 0 307 "MaleNL" "1" 307
"193" 32 26 11 19 32 14 13 16 24 24 10 9 22 56 61 29 36 17 88 9 29 306 "FemaleNL" "2" 306
"194" 79 89 32 124 44 47 72 32 23 83 54 16 0 0 0 0 0 0 0 0 0 305 "FemaleNL" "2" 305
"195" 97 68 21 37 110 88 39 39 21 63 33 14 6 0 0 0 0 0 0 0 0 304 "FemaleNL" "2" 304
"196" 85 40 34 24 64 25 15 43 53 28 14 5 21 37 120 9 38 18 109 10 0 303 "FemaleFR" "2" 303
"197" 225 56 47 72 163 54 48 36 65 95 45 28 0 0 0 0 0 0 0 0 0 302 "UnknownNL" NA 302
"198" 49 26 9 11 37 8 12 21 31 10 4 6 15 30 64 9 12 13 113 73 0 301 "MaleNL" "1" 301
"199" 53 39 9 15 58 14 13 39 44 10 6 8 74 30 69 8 14 18 165 24 0 300 "MaleFR" "1" 300
"200" 91 167 130 130 114 68 63 80 75 130 0 0 0 0 0 0 0 0 0 0 0 299 "MaleNL" "1" 299
"201" 101 9 6 13 59 11 13 22 57 11 14 9 36 52 129 10 63 15 72 0 0 298 "MaleNL" "1" 298
"202" 58 81 30 94 43 41 16 24 40 55 24 11 25 18 45 40 52 33 10 5 0 297 "MaleNL" "1" 297
"203" 32 94 15 103 63 28 21 23 26 57 17 22 45 48 57 0 0 0 0 0 0 296 "FemaleNL" "2" 296
"204" 99 66 17 34 81 52 11 58 31 16 16 11 27 61 90 58 76 0 0 0 0 295 "MaleFR" "1" 295
"205" 850 169 16 62 0 0 0 0 0 0 0 0 0 0 0 0 0 0 0 0 0 294 "MaleFR" "1" 294
"206" 86 6 7 24 67 7 16 56 43 8 3 10 14 31 61 9 38 22 91 18 0 293 "MaleFR" "1" 293
"207" 128 33 13 14 91 8 18 17 47 8 8 12 20 50 124 13 26 17 0 0 0 292 "MaleNL" "1" 292
"208" 141 32 214 171 43 111 26 85 43 67 63 20 0 0 0 0 0 0 0 0 0 291 "FemaleFR" "2" 291
"209" 115 54 27 27 134 19 27 40 62 12 13 14 0 0 0 0 0 0 0 0 0 290 "MaleNL" "1" 290
"210" 46 7 4 17 60 5 15 19 46 14 6 8 26 37 82 28 29 22 77 17 0 289 "MaleFR" "1" 289
"211" 69 134 42 178 110 30 45 30 56 16 9 16 0 0 0 0 0 0 0 0 0 288 "MaleNL" "1" 288
"212" 63 7 10 8 48 4 10 13 48 9 6 8 13 22 45 10 16 17 74 13 138 287 "FemaleNL" "2" 287
"213" 30 21 18 25 36 14 17 23 13 40 26 9 21 40 108 33 68 19 186 0 0 286 "FemaleNL" "2" 286
"214" 121 17 33 57 76 29 24 67 75 23 16 17 0 0 0 0 0 0 0 0 0 285 "FemaleNL" "2" 285
"215" 69 61 15 72 162 16 17 27 41 18 23 11 0 0 0 0 0 0 0 0 0 284 "MaleNL" "1" 284
"216" 78 62 72 19 35 95 65 98 65 79 44 35 0 0 0 0 0 0 0 0 0 283 "FemaleFR" "2" 283
"217" 45 36 11 38 52 29 12 39 20 33 16 7 66 62 134 59 19 0 0 0 0 282 "FemaleNL" "2" 282
"218" 106 119 80 62 82 180 60 50 185 82 39 13 0 0 0 0 0 0 0 0 0 281 "MaleNL" "1" 281
"219" 72 31 11 23 56 9 28 15 36 8 8 10 28 36 96 7 18 20 78 37 0 280 "FemaleNL" "2" 280
"220" 44 74 50 57 60 49 60 73 28 46 40 26 0 0 0 0 0 0 0 0 0 279 "MaleFR" "1" 279
"221" 40 64 15 9 37 19 23 36 45 16 7 8 15 41 86 14 14 13 69 10 0 278 "MaleFR" "1" 278
"222" 90 25 30 15 151 20 26 28 91 23 35 14 0 0 0 0 0 0 0 0 0 277 "MaleNL" "1" 277
"223" 97 64 72 73 94 61 23 14 53 27 10 11 35 28 33 0 0 0 0 0 0 276 "MaleNL" "1" 276
"224" 82 23 17 35 141 19 31 28 56 33 18 10 28 29 2 0 0 0 0 0 0 275 "FemaleNL" "2" 275
"225" 45 84 26 32 81 36 14 32 37 23 19 7 35 28 7 0 0 0 0 0 0 274 "MaleFR" "1" 274
"226" 108 88 38 71 104 43 45 58 44 50 50 19 0 0 0 0 0 0 0 0 0 273 "MaleFR" "1" 273
"227" 69 46 51 45 87 26 32 52 61 39 13 14 0 0 0 0 0 0 0 0 0 272 "MaleFR" "1" 272
"228" 147 54 33 62 28 34 59 62 27 31 20 18 35 0 0 0 0 0 0 0 0 271 "MaleNL" "1" 271
"229" 77 89 28 31 136 20 14 21 40 18 10 8 0 0 0 0 0 0 0 0 0 270 "MaleFR" "1" 270
"230" 86 37 9 22 103 17 9 12 47 10 15 13 16 32 100 11 13 13 138 0 0 269 "MaleFR" "1" 269
"231" 344 15 11 9 125 12 33 19 66 10 9 9 10 28 0 0 0 0 0 0 0 268 "MaleNL" "1" 268
"232" 109 37 62 25 31 56 29 30 43 48 30 29 0 0 0 0 0 0 0 0 0 267 "MaleFR" "1" 267
"233" 35 72 28 42 34 34 46 24 73 37 20 15 32 21 42 31 29 25 46 36 0 266 "MaleNL" "1" 266
"234" 62 43 25 34 109 13 13 23 49 12 7 12 12 72 29 0 0 0 0 0 0 265 "FemaleNL" "2" 265
"235" 146 47 28 34 170 58 57 34 76 9 28 21 0 0 0 0 0 0 0 0 0 264 "FemaleNL" "2" 264
"236" 43 39 21 49 73 48 19 44 26 63 31 18 33 0 0 0 0 0 0 0 0 263 "MaleNL" "1" 263
"237" 24 42 12 9 32 14 25 8 19 27 20 8 66 72 55 13 23 31 91 23 0 262 "MaleFR" "1" 262
"238" 32 32 19 23 61 18 10 20 36 40 9 12 23 36 124 46 19 14 98 45 0 261 "MaleNL" "1" 261
"239" 61 38 27 19 51 39 36 54 57 47 10 14 52 31 0 0 0 0 0 0 0 260 "FemaleNL" "2" 260
"240" 113 24 38 43 81 69 22 35 38 19 9 26 0 0 0 0 0 0 0 0 0 259 "MaleFR" "1" 259
"241" 96 14 7 9 55 21 45 14 46 7 9 13 17 92 84 8 42 40 71 0 0 258 "MaleNL" "1" 258
"242" 59 30 11 19 57 61 43 31 27 50 7 17 21 74 83 11 0 0 0 0 0 257 "MaleNL" "1" 257
"243" 80 36 75 95 86 37 60 95 51 68 20 29 0 0 0 0 0 0 0 0 0 256 "MaleNL" "1" 256
"244" 105 12 11 15 138 28 12 13 63 9 7 7 12 60 104 0 0 0 0 0 0 255 "UnknownNL" NA 255
"245" 72 41 31 23 76 31 14 27 54 52 31 21 23 61 26 40 34 23 63 6 0 254 "MaleNL" "1" 254
"246" 32 19 14 26 34 33 41 27 22 15 15 14 24 25 38 22 14 19 30 45 0 253 "FemaleNL" "2" 253
"247" 104 46 24 21 56 62 17 47 29 24 26 56 36 59 20 0 0 0 0 0 0 252 "MaleNL" "1" 252
"248" 56 35 18 24 84 31 15 17 40 14 12 15 11 29 59 11 14 14 45 12 0 251 "UnknownNL" NA 251
"249" 110 47 24 37 63 37 44 61 46 18 16 13 19 54 64 8 21 31 53 0 0 250 "UnknownNL" NA 250
"250" 100 31 33 34 70 151 47 57 55 50 23 36 0 0 0 0 0 0 0 0 0 249 "MaleNL" "1" 249
"251" 88 53 84 42 69 38 24 31 33 28 13 11 57 0 0 0 0 0 0 0 0 248 "FemaleNL" "2" 248
"252" 55 15 13 14 79 27 22 26 79 11 6 8 34 47 176 15 17 12 0 0 0 247 "FemaleNL" "2" 247
"253" 182 123 70 170 183 76 94 59 78 14 39 2 0 0 0 0 0 0 0 0 0 246 "MaleNL" "1" 246
"254" 54 30 16 25 62 34 29 81 38 14 11 6 21 33 51 10 15 18 48 34 0 245 "MaleFR" "1" 245
"255" 118 61 54 63 57 42 42 43 14 74 26 13 0 0 0 0 0 0 0 0 0 244 "MaleNL" "1" 244
"256" 90 31 36 51 73 23 26 28 26 54 15 21 0 0 0 0 0 0 0 0 0 243 "FemaleNL" "2" 243
"257" 95 19 8 12 82 10 7 21 42 11 6 9 20 71 85 11 10 16 138 10 2 242 "MaleNL" "1" 242
"258" 82 85 45 38 77 32 26 21 39 30 10 10 32 7 0 0 0 0 0 0 0 241 "MaleNL" "1" 241
"259" 33 21 23 59 49 49 29 77 51 70 45 19 22 45 6 4 9 91 11 6 28 240 "MaleFR" "1" 240
"260" 104 79 14 38 98 16 16 61 41 12 7 14 13 28 55 37 0 0 0 0 0 239 "FemaleNL" "2" 239
"261" 162 142 42 50 109 19 31 47 34 72 29 20 0 0 0 0 0 0 0 0 0 238 "MaleNL" "1" 238
"262" 342 862 0 0 0 0 0 0 0 0 0 0 0 0 0 0 0 0 0 0 0 237 "MaleNL" "1" 237
"263" 184 54 54 37 70 42 31 41 56 20 13 13 0 0 0 0 0 0 0 0 0 236 "FemaleNL" "2" 236
"264" 76 76 57 39 45 30 28 28 102 26 8 13 0 0 0 0 0 0 0 0 0 235 "MaleNL" "1" 235
"265" 60 100 40 84 60 88 85 60 21 52 31 30 0 0 0 0 0 0 0 0 0 234 "FemaleNL" "2" 234
"266" 84 23 37 14 162 21 14 59 113 27 18 15 0 0 0 0 0 0 0 0 0 233 "MaleNL" "1" 233
"267" 52 34 9 33 37 5 9 10 44 12 6 7 18 28 88 28 15 12 146 17 15 232 "MaleFR" "1" 232
"268" 129 36 40 40 67 60 71 94 28 33 23 13 0 0 0 0 0 0 0 0 0 231 "FemaleFR" "2" 231
"269" 46 19 26 70 43 15 26 28 36 17 37 51 48 75 58 42 40 12 0 0 0 230 "FemaleNL" "2" 230
"270" 93 55 45 54 76 37 34 22 26 32 15 26 23 0 0 0 0 0 0 0 0 229 "FemaleNL" "2" 229
"271" 42 3 4 6 33 4 6 13 51 6 5 4 20 74 77 5 18 14 75 7 39 228 "MaleNL" "1" 228
"272" 120 67 46 61 53 31 23 38 18 25 19 13 46 43 23 73 21 57 0 0 0 227 "FemaleNL" "2" 227
"273" 265 54 42 51 214 21 48 67 83 24 12 29 0 0 0 0 0 0 0 0 0 226 "MaleNL" "1" 226
"274" 144 76 66 182 89 48 47 54 53 58 30 24 0 0 0 0 0 0 0 0 0 225 "MaleFR" "1" 225
"275" 126 35 35 39 260 88 48 51 56 101 44 16 0 0 0 0 0 0 0 0 0 224 "FemaleFR" "2" 224
"276" 83 67 61 86 84 31 26 32 21 57 17 24 0 0 0 0 0 0 0 0 0 223 "FemaleFR" "2" 223
"277" 412 152 126 89 91 120 103 44 65 0 0 0 0 0 0 0 0 0 0 0 0 222 "FemaleNL" "2" 222
"278" 99 75 40 59 80 53 48 60 40 21 12 21 9 7 3 0 0 0 0 0 0 221 "MaleNL" "1" 221
"279" 69 11 8 12 42 7 12 10 46 7 5 7 14 48 67 9 21 21 108 11 139 220 "MaleFR" "1" 220
"280" 173 30 22 54 81 83 27 47 55 25 10 31 0 0 0 0 0 0 0 0 0 219 "MaleNL" "1" 219
"281" 134 75 19 60 67 33 28 49 76 35 78 11 0 0 0 0 0 0 0 0 0 218 "FemaleFR" "2" 218
"282" 50 37 28 18 36 57 20 61 20 30 17 9 42 34 42 38 57 32 23 37 0 217 "FemaleFR" "2" 217
"283" 98 34 23 25 109 24 24 39 42 18 12 8 22 41 61 18 16 16 76 0 0 216 "MaleFR" "1" 216
"284" 51 29 24 42 166 38 12 9 39 12 5 9 22 44 59 9 20 18 0 0 0 215 "MaleNL" "1" 215
"285" 175 26 9 22 140 12 13 21 66 21 14 8 25 44 29 9 0 0 0 0 0 214 "MaleNL" "1" 214
"286" 56 13 37 22 75 10 16 14 50 11 10 19 32 46 71 11 22 19 82 13 0 213 "MaleNL" "1" 213
"287" 61 21 22 32 60 31 19 29 71 12 6 7 38 72 60 10 12 19 116 21 0 212 "MaleNL" "1" 212
"288" 55 22 90 133 118 73 64 129 129 95 88 67 0 0 0 0 0 0 0 0 0 211 "MaleFR" "1" 211
"289" 146 155 79 132 157 71 84 83 70 83 59 44 0 0 0 0 0 0 0 0 0 210 "FemaleFR" "2" 210
"290" 25 30 23 24 25 21 25 14 28 24 11 9 15 52 36 13 59 69 26 26 130 209 "FemaleFR" "2" 209
"291" 168 90 38 80 123 86 46 65 71 46 36 56 0 0 0 0 0 0 0 0 0 208 "FemaleNL" "2" 208
"292" 36 81 45 103 58 60 12 61 35 26 22 15 0 0 0 0 0 0 0 0 0 207 "MaleFR" "1" 207
"293" 50 55 37 80 106 64 51 50 43 55 35 35 0 0 0 0 0 0 0 0 0 206 "MaleNL" "1" 206
"294" 62 49 20 47 33 33 29 24 41 30 69 14 53 69 71 7 0 0 0 0 0 205 "MaleNL" "1" 205
"295" 214 90 47 53 162 67 52 65 67 51 71 17 0 0 0 0 0 0 0 0 0 204 "MaleFR" "1" 204
"296" 72 41 51 42 94 45 48 42 40 45 39 38 0 0 0 0 0 0 0 0 0 203 "UnknownNL" NA 203
"297" 66 48 26 74 56 41 35 40 63 40 37 13 57 38 74 24 0 0 0 0 0 202 "MaleFR" "1" 202
"298" 57 10 8 8 41 17 14 24 21 19 27 7 68 50 81 9 13 15 187 18 0 201 "MaleNL" "1" 201
"299" 110 84 68 60 160 61 58 30 77 21 8 20 0 0 0 0 0 0 0 0 0 200 "FemaleFR" "2" 200
"300" 116 10 5 9 116 10 10 13 47 9 7 7 15 73 99 10 27 10 162 0 0 199 "MaleNL" "1" 199
"301" 58 6 5 16 40 34 15 9 49 9 4 6 24 94 65 9 17 16 95 14 28 198 "UnknownNL" NA 198
"302" 50 12 6 6 41 20 17 25 68 11 4 7 13 39 98 12 24 22 65 17 31 197 "FemaleNL" "2" 197
"303" 104 11 24 10 155 9 12 28 69 11 5 8 59 0 0 0 0 0 0 0 0 196 "MaleFR" "1" 196
"304" 112 31 18 19 49 6 20 12 24 35 8 14 14 45 55 9 9 16 97 11 0 195 "UnknownNL" NA 195
"305" 47 15 5 16 11 14 6 8 9 20 12 4 47 41 33 62 67 16 22 18 32 194 "MaleNL" "1" 194
"306" 65 30 9 29 112 62 54 18 37 11 12 12 0 0 0 0 0 0 0 0 0 193 "MaleNL" "1" 193
"307" 37 10 6 9 39 5 8 13 28 14 4 10 41 42 61 11 42 20 122 10 38 192 "FemaleNL" "2" 192
"308" 36 16 7 12 110 6 14 19 43 12 5 8 26 66 65 14 36 16 137 20 0 191 "FemaleNL" "2" 191
"309" 60 34 20 71 51 14 13 17 50 10 5 20 15 33 82 10 15 21 0 0 0 190 "MaleFR" "1" 190
"310" 67 52 34 50 96 32 37 55 32 44 55 14 0 0 0 0 0 0 0 0 0 189 "MaleNL" "1" 189
"311" 63 23 8 19 41 30 15 43 30 43 12 9 20 52 56 22 29 20 65 32 0 188 "FemaleNL" "2" 188
"312" 61 43 10 17 128 8 20 23 35 14 8 12 21 48 58 8 13 19 117 26 0 187 "MaleFR" "1" 187
"313" 126 118 26 34 72 34 34 41 26 21 18 15 0 0 0 0 0 0 0 0 0 186 "MaleFR" "1" 186
"314" 101 47 14 14 88 16 15 16 36 50 7 8 19 58 65 11 0 0 0 0 0 185 "UnknownNL" NA 185
"315" 109 103 25 86 34 35 43 45 22 43 14 18 13 28 35 16 12 14 0 0 0 184 "MaleNL" "1" 184
"316" 143 9 7 11 90 12 15 20 67 15 9 10 24 44 88 13 16 22 86 0 0 183 "MaleNL" "1" 183
"317" 95 15 13 14 104 36 15 14 35 12 8 10 21 41 115 13 20 24 95 13 0 182 "MaleNL" "1" 182
"318" 78 24 36 13 42 11 12 32 29 18 29 8 26 45 86 0 0 0 0 0 0 181 "MaleFR" "1" 181
"319" 82 10 13 12 63 6 13 21 54 10 8 11 21 40 114 11 14 24 199 0 0 180 "MaleNL" "1" 180
"320" 374 168 70 126 151 57 213 41 0 0 0 0 0 0 0 0 0 0 0 0 0 179 "MaleFR" "1" 179
"321" 51 67 20 25 84 9 18 29 64 17 5 9 14 21 0 0 0 0 0 0 0 178 "UnknownFR" NA 178
"322" 80 62 32 26 165 27 24 36 76 21 13 14 0 0 0 0 0 0 0 0 0 177 "MaleNL" "1" 177
"323" 24 29 12 12 38 9 37 15 11 79 13 18 29 56 57 31 105 16 39 27 0 176 "MaleNL" "1" 176
"324" 99 25 14 42 58 29 35 58 37 26 10 11 32 38 76 0 0 0 0 0 0 175 "MaleNL" "1" 175
"325" 132 83 78 59 94 48 24 33 47 13 5 8 18 66 88 5 9 0 0 0 0 174 "FemaleNL" "2" 174
"326" 54 32 14 9 64 8 22 24 44 17 8 8 14 48 85 10 10 14 19 0 0 173 "MaleNL" "1" 173
"327" 82 21 22 40 59 16 13 29 31 8 6 18 18 86 56 10 17 22 121 0 0 172 "MaleFR" "1" 172
"328" 61 105 26 34 96 100 34 50 46 32 11 19 0 0 0 0 0 0 0 0 0 171 "MaleNL" "1" 171
"329" 122 120 70 109 100 57 77 37 51 64 31 15 0 0 0 0 0 0 0 0 0 170 "MaleNL" "1" 170
"330" 46 126 13 26 78 23 68 21 46 33 14 14 61 138 20 0 0 0 0 0 0 169 "MaleNL" "1" 169
"331" 71 66 21 56 54 25 57 41 61 77 44 15 0 0 0 0 0 0 0 0 0 168 "MaleNL" "1" 168
"332" 139 43 34 51 194 26 23 23 44 18 10 19 0 0 0 0 0 0 0 0 0 167 "MaleNL" "1" 167
"333" 100 30 61 40 127 63 61 57 131 13 16 15 0 0 0 0 0 0 0 0 0 166 "MaleNL" "1" 166
"334" 89 39 38 49 75 34 38 39 58 41 34 29 0 0 0 0 0 0 0 0 0 165 "FemaleNL" "2" 165
"335" 54 59 30 41 80 61 27 65 36 34 18 24 0 0 0 0 0 0 0 0 0 164 "FemaleNL" "2" 164
"336" 74 18 35 23 51 20 33 42 85 62 22 29 68 33 5 0 0 0 0 0 0 163 "MaleNL" "1" 163
"337" 31 56 19 31 67 7 25 12 14 29 9 8 11 39 116 17 16 15 21 7 0 162 "FemaleNL" "2" 162
"338" 67 91 42 71 116 41 44 51 68 84 36 54 0 0 0 0 0 0 0 0 0 161 "UnknownNL" NA 161
"339" 41 34 25 37 28 12 15 24 22 47 22 9 47 30 63 35 74 3 0 0 0 160 "MaleFR" "1" 160
"340" 57 58 16 61 62 50 14 54 19 37 31 22 46 29 36 38 30 14 34 38 0 159 "MaleFR" "1" 159
"341" 49 47 30 14 114 42 21 31 32 20 28 21 15 30 44 15 22 13 22 14 0 158 "MaleFR" "1" 158
"342" 245 40 86 94 99 71 29 110 56 37 31 22 0 0 0 0 0 0 0 0 0 157 "MaleFR" "1" 157
"343" 84 19 9 12 100 8 28 31 80 19 22 13 12 0 0 0 0 0 0 0 0 156 "MaleFR" "1" 156
"344" 55 3 5 7 23 14 8 21 40 8 7 19 26 56 72 10 40 21 89 25 0 155 "FemaleNL" "2" 155
"345" 142 36 24 82 70 37 43 22 66 36 7 9 18 19 20 24 4 0 0 0 0 154 "FemaleNL" "2" 154
"346" 72 100 32 32 53 24 26 35 49 33 10 15 21 41 66 55 34 0 0 0 0 153 "MaleNL" "1" 153
"347" 112 76 14 16 69 21 29 27 36 38 10 10 0 0 0 0 0 0 0 0 0 152 "MaleNL" "1" 152
"348" 59 42 31 66 79 26 25 38 50 105 66 27 11 0 0 0 0 0 0 0 0 151 "FemaleFR" "2" 151
"349" 115 49 29 28 63 20 13 26 50 14 11 10 28 38 77 6 13 13 16 0 0 150 "MaleNL" "1" 150
"350" 94 91 40 81 101 44 46 39 25 42 25 15 0 0 0 0 0 0 0 0 0 149 "FemaleNL" "2" 149
"351" 56 52 99 78 106 73 20 43 72 71 69 13 0 0 0 0 0 0 0 0 0 148 "FemaleNL" "2" 148
"352" 153 39 24 30 167 19 30 16 131 26 14 20 0 0 0 0 0 0 0 0 0 147 "MaleNL" "1" 147
"353" 102 87 14 19 69 22 54 57 34 115 27 25 0 0 0 0 0 0 0 0 0 146 "MaleNL" "1" 146
"354" 64 41 47 59 32 42 20 48 47 38 31 14 52 0 0 0 0 0 0 0 0 145 "MaleNL" "1" 145
"355" 112 48 80 54 178 86 71 77 112 19 10 18 0 0 0 0 0 0 0 0 0 144 "FemaleFR" "2" 144
"356" 48 80 48 93 58 67 26 171 65 54 42 23 0 0 0 0 0 0 0 0 0 143 "MaleFR" "1" 143
"357" 90 32 30 55 50 37 58 21 29 40 16 16 20 11 32 0 0 0 0 0 0 142 "MaleNL" "1" 142
"358" 37 24 10 21 32 60 21 31 31 49 26 22 42 56 47 32 24 27 47 28 0 141 "MaleNL" "1" 141
"359" 106 120 50 61 77 47 60 33 86 85 55 35 0 0 0 0 0 0 0 0 0 140 "UnknownNL" NA 140
"360" 109 49 20 30 49 32 37 19 43 31 12 23 30 21 0 0 0 0 0 0 0 139 "MaleNL" "1" 139
"361" 85 51 30 39 93 22 16 29 68 10 8 14 61 0 0 0 0 0 0 0 0 138 "FemaleNL" "2" 138
"362" 87 12 8 13 170 9 13 27 42 13 5 9 13 43 80 15 48 13 67 12 0 137 "MaleNL" "1" 137
"363" 30 35 9 12 60 6 9 20 33 6 5 8 8 18 54 11 8 10 112 9 0 136 "FemaleFR" "2" 136
"364" 89 115 27 32 64 49 37 27 45 38 28 19 0 0 0 0 0 0 0 0 0 135 "MaleFR" "1" 135
"365" 124 61 21 26 194 25 22 17 57 22 11 22 10 6 0 0 0 0 0 0 0 134 "MaleNL" "1" 134
"366" 28 25 12 19 48 14 17 22 39 31 10 10 25 57 28 27 28 25 29 32 25 133 "MaleNL" "1" 133
"367" 110 7 8 14 60 8 14 13 53 14 4 11 58 20 87 7 25 12 105 12 0 132 "MaleNL" "1" 132
"368" 79 32 22 18 70 19 17 32 87 25 17 21 25 0 0 0 0 0 0 0 0 131 "MaleNL" "1" 131
"369" 54 63 51 57 23 21 41 62 60 22 21 10 26 35 70 44 51 25 0 0 0 130 "FemaleFR" "2" 130
"370" 185 102 80 62 104 43 61 59 83 54 33 50 0 0 0 0 0 0 0 0 0 129 "FemaleFR" "2" 129
"371" 150 41 58 105 62 44 50 35 106 36 18 10 0 0 0 0 0 0 0 0 0 128 "MaleNL" "1" 128
"372" 97 199 57 65 104 19 22 15 38 25 12 20 13 37 62 0 0 0 0 0 0 127 "MaleFR" "1" 127
"373" 48 51 26 25 120 17 38 14 50 19 7 11 22 45 91 16 32 36 0 0 0 126 "MaleFR" "1" 126
"374" 193 144 29 27 180 50 75 48 102 158 94 28 0 0 0 0 0 0 0 0 0 125 "UnknownFR" NA 125
"375" 90 31 20 97 102 21 24 57 49 82 57 13 0 0 0 0 0 0 0 0 0 124 "FemaleNL" "2" 124
"376" 107 10 22 59 87 21 20 37 64 14 13 12 18 41 83 22 8 0 0 0 0 123 "UnknownNL" NA 123
"377" 78 30 16 49 112 15 25 28 83 16 8 18 14 0 0 0 0 0 0 0 0 122 "FemaleFR" "2" 122
"378" 80 12 6 12 63 9 9 13 40 14 5 12 21 37 81 14 39 23 178 30 0 121 "FemaleFR" "2" 121
"379" 67 88 47 49 60 42 55 43 53 37 20 17 0 0 0 0 0 0 0 0 0 120 "FemaleNL" "2" 120
"380" 142 95 49 59 110 45 73 52 47 68 40 28 86 1 8 4 0 0 0 0 0 119 "FemaleNL" "2" 119
"381" 24 62 29 13 57 6 11 11 62 16 8 8 14 37 189 19 17 16 59 10 0 118 "MaleNL" "1" 118
"382" 85 150 68 84 84 27 18 56 49 14 16 11 0 0 0 0 0 0 0 0 0 117 "MaleNL" "1" 117
"383" 50 31 5 10 105 14 23 27 52 7 16 12 33 57 72 12 31 15 0 0 0 116 "MaleFR" "1" 116
"384" 180 66 59 73 122 28 18 20 59 30 9 15 0 0 0 0 0 0 0 0 0 115 "FemaleNL" "2" 115
"385" 223 91 37 91 67 46 48 44 71 34 26 37 0 0 0 0 0 0 0 0 0 114 "FemaleNL" "2" 114
"386" 103 23 27 119 69 11 32 28 32 30 21 30 0 0 0 0 0 0 0 0 0 113 "MaleFR" "1" 113
"387" 95 144 72 148 80 84 65 117 40 51 29 18 0 0 0 0 0 0 0 0 0 112 "MaleNL" "1" 112
"388" 80 62 12 18 63 26 19 17 43 16 7 13 13 58 65 11 18 13 62 0 0 111 "MaleNL" "1" 111
"389" 209 96 93 181 136 108 36 29 64 122 129 0 0 0 0 0 0 0 0 0 0 110 "MaleFR" "1" 110
"390" 118 76 31 13 99 22 23 79 88 23 18 14 0 0 0 0 0 0 0 0 0 109 "MaleNL" "1" 109
"391" 86 21 20 10 101 18 31 27 61 11 11 9 14 47 62 10 9 16 82 13 0 108 "MaleNL" "1" 108
"392" 65 87 45 88 104 26 86 27 62 66 63 19 0 0 0 0 0 0 0 0 0 107 "MaleFR" "1" 107
"393" 56 58 49 115 83 46 34 87 33 43 55 44 0 0 0 0 0 0 0 0 0 106 "FemaleNL" "2" 106
"394" 36 39 30 30 34 27 15 29 33 34 15 14 37 50 52 10 32 23 48 0 0 105 "FemaleNL" "2" 105
"395" 54 78 74 13 144 29 9 36 49 18 7 9 14 91 78 22 28 20 0 0 0 104 "MaleFR" "1" 104
"396" 59 106 26 102 53 24 106 26 25 78 22 23 0 0 0 0 0 0 0 0 0 103 "MaleNL" "1" 103
"397" 74 36 51 84 64 32 42 55 42 54 33 71 0 0 0 0 0 0 0 0 0 102 "MaleNL" "1" 102
"398" 217 83 23 112 66 47 22 29 44 63 27 35 0 0 0 0 0 0 0 0 0 101 "MaleNL" "1" 101
"399" 69 30 27 24 130 24 26 21 83 20 13 16 31 43 0 0 0 0 0 0 0 100 "FemaleNL" "2" 100
"400" 82 43 31 23 67 32 27 33 50 13 5 10 37 40 49 7 17 10 83 0 0 99 "MaleFR" "1" 99
"401" 58 23 20 11 24 31 30 43 21 33 24 8 39 55 31 50 18 17 48 14 0 98 "MaleFR" "1" 98
"402" 48 32 19 14 87 14 17 16 55 13 5 6 15 57 64 9 14 10 66 11 0 97 "MaleNL" "1" 97
"403" 108 73 12 10 131 20 16 14 42 11 7 11 17 81 75 14 21 22 6 0 0 96 "MaleFR" "1" 96
"404" 109 46 12 21 147 25 40 16 84 12 7 8 13 0 0 0 0 30 0 0 0 95 "MaleFR" "1" 95
"405" 100 46 11 45 194 10 15 23 74 15 10 30 0 0 0 0 0 0 0 0 0 94 "FemaleNL" "2" 94
"406" 51 43 19 30 31 113 61 79 31 20 10 23 34 87 95 0 0 0 0 0 0 93 "MaleNL" "1" 93
"407" 151 57 20 21 100 58 18 20 43 10 9 19 21 39 63 0 0 0 0 0 0 92 "FemaleNL" "2" 92
"408" 115 26 14 14 88 12 11 18 43 13 13 16 26 51 3 0 0 0 0 0 0 91 "MaleFR" "1" 91
"409" 64 57 45 48 49 29 21 25 33 55 8 14 38 40 74 42 40 0 0 0 0 90 "UnknownFR" NA 90
"410" 49 82 21 57 89 64 32 56 85 93 77 73 0 0 0 0 0 0 0 0 0 89 "MaleNL" "1" 89
"411" 67 13 16 12 96 11 13 23 45 11 6 9 19 76 257 64 0 0 0 0 0 88 "MaleNL" "1" 88
"412" 101 41 91 26 57 25 35 21 37 36 30 18 11 19 0 0 0 0 0 0 0 87 "MaleFR" "1" 87
"413" 109 40 10 10 114 20 17 25 61 6 5 7 10 21 104 5 8 0 0 0 0 86 "UnknownNL" NA 86
"414" 188 78 93 36 29 25 37 25 25 39 31 6 18 0 0 0 0 0 0 0 0 85 "FemaleNL" "2" 85
"415" 127 101 59 37 79 58 60 44 27 46 24 22 0 0 0 0 0 0 0 0 0 84 "FemaleNL" "2" 84
"416" 104 41 72 70 82 23 22 49 54 42 19 22 0 0 0 0 0 0 0 0 0 83 "MaleNL" "1" 83
"417" 74 55 62 83 23 18 30 71 29 60 41 9 2 0 0 0 0 0 0 0 0 82 "MaleNL" "1" 82
"418" 208 49 42 40 256 21 27 29 54 19 12 12 0 0 0 0 0 0 0 0 0 81 "FemaleFR" "2" 81
"419" 71 146 86 29 95 14 25 22 58 11 8 13 17 40 0 0 0 0 0 0 0 80 "MaleNL" "1" 80
"420" 164 145 69 90 35 65 31 54 22 32 19 19 0 0 0 0 0 0 0 0 0 79 "MaleNL" "1" 79
"421" 67 45 13 13 87 11 35 15 34 47 12 10 0 0 0 0 0 0 0 0 0 78 "MaleNL" "1" 78
"422" 74 53 38 27 97 19 22 27 42 9 9 17 26 56 56 9 24 15 0 0 0 77 "MaleNL" "1" 77
"423" 144 108 98 83 102 57 60 60 72 61 69 58 0 0 0 0 0 0 0 0 0 76 "MaleNL" "1" 76
"424" 141 119 70 107 66 50 29 38 58 31 48 49 0 0 0 0 0 0 0 0 0 75 "MaleNL" "1" 75
"425" 66 24 24 19 40 24 48 32 39 29 14 21 73 85 47 118 10 0 0 0 0 74 "MaleNL" "1" 74
"426" 36 29 15 24 70 30 30 45 19 46 18 16 28 99 31 0 0 0 0 0 0 73 "MaleNL" "1" 73
"427" 83 63 13 17 198 15 41 18 74 25 20 13 0 0 0 0 0 0 0 0 0 72 "MaleNL" "1" 72
"428" 71 9 8 14 86 11 11 21 87 18 8 24 20 53 128 0 0 0 0 0 0 71 "MaleNL" "1" 71
"429" 40 32 9 34 46 43 19 22 20 13 12 9 15 64 67 11 30 20 61 11 0 70 "MaleNL" "1" 70
"430" 104 42 28 32 90 14 25 22 28 23 15 17 40 83 90 30 15 0 0 0 0 69 "MaleNL" "1" 69
"431" 48 35 27 49 53 30 43 61 41 23 52 35 0 0 0 0 0 0 0 0 0 68 "MaleNL" "1" 68
"432" 84 124 39 83 97 33 29 12 32 10 22 16 15 29 3 0 0 0 0 0 0 67 "UnknownNL" NA 67
"433" 50 43 16 58 63 11 20 35 36 17 14 9 30 41 50 26 13 16 132 29 2 66 "MaleNL" "1" 66
"434" 50 7 5 6 60 6 15 19 36 9 4 15 19 43 60 16 13 25 106 18 33 65 "MaleFR" "1" 65
"435" 71 74 21 21 86 31 42 21 78 27 14 12 26 40 45 21 18 12 39 0 0 64 "MaleFR" "1" 64
"436" 43 17 12 16 127 5 8 15 70 11 5 11 20 46 123 13 22 13 73 0 0 63 "MaleNL" "1" 63
"437" 66 15 12 18 115 7 21 14 61 10 9 12 19 53 68 13 12 17 0 0 0 62 "MaleNL" "1" 62
"438" 43 62 47 39 103 102 23 19 21 19 18 8 26 49 76 52 91 0 0 0 0 61 "FemaleNL" "2" 61
"439" 61 19 10 20 32 16 20 14 13 24 24 7 23 49 0 25 36 8 68 27 57 60 "MaleNL" "1" 60
"440" 26 59 19 30 15 25 12 10 12 53 31 10 19 68 60 62 41 17 36 30 0 59 "UnknownNL" NA 59
"441" 75 20 16 26 82 10 17 12 49 9 5 7 13 25 88 7 17 21 78 9 0 58 "MaleNL" "1" 58
"442" 100 35 23 31 53 26 20 14 23 17 13 12 23 62 124 28 6 15 10 0 0 57 "FemaleNL" "2" 57
"443" 71 23 34 36 100 23 19 29 24 24 67 37 32 37 0 0 0 0 0 0 0 56 "MaleFR" "1" 56
"444" 42 26 21 43 50 30 32 68 32 34 18 36 0 0 0 0 0 0 0 0 0 55 "FemaleFR" "2" 55
"445" 169 91 25 55 178 22 30 52 112 40 31 25 0 0 0 0 0 0 0 0 0 54 "UnknownNL" NA 54
"446" 85 72 14 30 77 56 28 45 50 47 12 11 0 0 0 0 0 0 0 0 0 53 "FemaleNL" "2" 53
"447" 68 38 13 28 92 22 10 27 40 26 8 14 51 25 145 35 9 3 0 0 0 52 "MaleNL" "1" 52
"448" 65 89 29 114 31 22 27 37 30 143 27 28 66 3 0 0 0 0 0 0 0 51 "MaleNL" "1" 51
"449" 41 70 51 34 59 40 27 63 46 25 26 17 38 49 4 0 0 0 0 0 0 50 "MaleNL" "1" 50
"450" 46 63 42 82 58 20 18 11 24 19 19 18 63 36 98 24 52 0 0 0 0 49 "MaleNL" "1" 49
"451" 114 42 56 32 152 35 46 33 55 68 24 10 0 0 0 0 0 0 0 0 0 48 "UnknownNL" NA 48
"452" 100 259 14 23 210 60 32 22 73 37 9 9 0 0 0 0 0 0 0 0 0 47 "MaleNL" "1" 47
"453" 33 54 12 67 100 121 47 58 34 20 11 20 0 0 0 0 0 0 0 0 0 46 "MaleNL" "1" 46
"454" 51 5 6 11 43 5 9 14 37 7 6 6 50 40 85 10 15 13 158 13 0 45 "FemaleNL" "2" 45
"455" 103 62 40 59 114 117 59 74 95 104 43 155 0 0 0 0 0 0 0 0 0 44 "FemaleNL" "2" 44
"456" 68 19 12 9 75 6 8 15 29 8 5 12 7 29 93 14 10 14 126 18 0 43 "MaleNL" "1" 43
"457" 41 15 9 11 56 12 12 17 38 8 11 7 19 36 74 9 17 12 63 10 34 42 "MaleNL" "1" 42
"458" 27 68 21 16 42 29 10 23 29 23 15 12 33 105 89 54 36 18 96 14 0 41 "MaleFR" "1" 41
"459" 55 56 25 37 85 14 68 19 72 23 18 11 42 50 84 25 51 0 0 0 0 40 "MaleNL" "1" 40
"460" 90 22 11 23 55 26 24 20 50 40 15 14 24 70 59 19 41 39 63 15 0 40 "MaleNL" "1" 40
"461" 68 71 26 39 71 59 32 27 21 63 25 32 48 0 0 0 0 0 0 0 0 38 "MaleNL" "1" 38
"462" 158 39 18 21 145 5 26 17 139 16 12 12 0 0 0 0 0 0 0 0 0 37 "MaleNL" "1" 37
"463" 61 27 22 56 52 72 50 59 25 24 27 30 42 77 0 0 0 0 0 0 0 36 "MaleNL" "1" 36
"464" 49 44 21 40 110 40 33 80 62 65 68 73 0 0 0 0 0 0 0 0 0 35 "MaleNL" "1" 35
"465" 74 11 23 10 94 14 31 12 60 14 9 12 22 53 102 9 10 15 4 3 0 34 "MaleNL" "1" 34
"466" 26 59 20 31 54 15 16 25 22 15 29 11 50 51 74 22 35 23 36 58 0 33 "MaleNL" "1" 33
"467" 125 14 10 10 64 14 17 16 57 24 5 10 15 31 137 12 34 17 44 24 2 32 "FemaleNL" "2" 32
"468" 111 99 36 45 60 25 73 62 42 62 40 32 0 0 0 0 0 0 0 0 0 31 "MaleNL" "1" 31
"469" 45 18 15 43 105 21 28 32 49 10 11 10 57 43 121 22 20 19 12 0 0 30 "MaleNL" "1" 30
"470" 98 56 44 56 121 82 21 35 37 38 32 14 0 0 0 0 0 0 0 0 0 29 "MaleFR" "1" 29
"471" 85 53 34 86 95 51 49 25 37 48 31 64 0 0 0 0 0 0 0 0 0 27 "FemaleNL" "2" 27
"472" 47 32 19 45 35 43 28 25 26 18 11 15 18 63 39 16 52 18 66 0 0 27 "MaleNL" "1" 27
"473" 63 79 30 25 72 9 9 32 49 10 7 11 57 53 89 0 0 0 0 0 0 26 "MaleFR" "1" 26
"474" 79 51 17 25 57 104 46 89 36 30 64 26 0 0 0 0 0 0 0 0 0 25 "FemaleNL" "2" 25
"475" 85 16 8 12 151 35 21 52 81 13 10 8 10 55 77 0 0 0 0 0 0 24 "FemaleFR" "2" 24
"476" 71 59 39 63 66 54 58 49 40 81 27 19 0 0 0 0 0 0 0 0 0 23 "MaleFR" "1" 23
"477" 74 114 46 49 166 39 29 30 39 61 39 34 0 0 0 0 0 0 0 0 0 22 "MaleFR" "1" 22
"478" 104 46 36 27 108 13 19 21 79 27 5 8 0 1 88 0 0 0 0 0 0 21 "MaleNL" "1" 21
"479" 80 39 20 25 30 25 24 20 19 23 22 7 10 17 60 21 13 14 175 32 0 20 "MaleNL" "1" 20
"480" 123 64 36 72 69 40 49 57 26 44 54 19 0 0 0 0 0 0 0 0 0 19 "MaleNL" "1" 19
"481" 46 45 18 16 54 23 23 24 29 21 20 10 14 37 97 7 15 29 105 21 0 18 "MaleFR" "1" 18
"482" 104 80 52 44 86 121 33 75 26 113 33 30 0 0 0 0 0 0 0 0 0 17 "MaleNL" "1" 17
"483" 77 35 49 100 72 24 16 27 37 11 7 10 17 65 87 23 19 0 0 0 0 16 "FemaleNL" "2" 16
"484" 530 305 173 139 54 0 0 0 0 0 0 0 0 0 0 0 0 0 0 0 0 15 "MaleNL" "1" 15
"485" 101 23 26 19 56 22 19 31 60 11 8 10 25 64 135 0 0 0 0 0 0 14 "MaleNL" "1" 14
"486" 135 120 63 63 73 65 62 185 127 108 83 33 0 0 0 0 0 0 0 0 0 13 "FemaleFR" "2" 13
"487" 90 30 16 29 32 58 21 9 17 53 15 30 15 25 50 13 23 18 15 12 14 12 "FemaleNL" "2" 12
"488" 84 40 12 78 45 36 21 32 48 15 25 12 30 10 59 29 78 95 70 29 0 11 "UnknownNL" NA 11
"489" 103 35 26 53 130 18 15 64 72 22 24 32 0 0 0 0 0 0 0 0 0 10 "MaleNL" "1" 10
"490" 205 107 27 79 136 64 60 38 60 24 51 35 0 0 0 0 0 0 0 0 0 9 "MaleNL" "1" 9
"491" 67 37 42 32 74 36 29 17 24 14 19 12 23 33 49 18 0 0 0 0 0 8 "UnknownNL" NA 8
"492" 149 92 27 31 129 33 39 110 102 65 11 8 0 0 0 0 0 0 0 0 0 7 "FemaleFR" "2" 7
"493" 40 27 25 46 79 25 28 36 38 18 16 33 63 33 51 68 59 18 0 0 0 6 "MaleFR" "1" 6
"494" 125 37 35 53 212 50 30 38 48 23 15 14 0 0 0 0 0 0 0 0 0 5 "MaleNL" "1" 5
"495" 116 16 26 23 74 8 12 14 31 9 6 7 12 35 94 8 13 17 112 13 0 4 "MaleNL" "1" 4
"496" 66 66 56 85 112 45 70 51 28 58 30 39 0 0 0 0 0 0 0 0 0 3 "FemaleFR" "2" 3
"497" 214 67 38 84 60 35 97 47 42 35 30 93 0 0 0 0 0 0 0 0 0 2 "FemaleFR" "2" 2
"498" 41 55 13 37 82 19 16 23 41 9 6 13 13 39 154 0 0 0 0 0 0 1 "MaleFR" "1" 1
