GROUP	TIMEO	TIMEC
2	.913589852154363	.913589852154363
2	1.84786419881695	1.84786419881695
2	7.10123232930842	7.10123232930842
1	10	 
2	1.21425162478695	1.21425162478695
1	9.90791175982998	9.90791175982998
1	3.43876147214932	3.43876147214932
2	1.18567996746258	1.18567996746258
2	7.18185387868128	7.18185387868128
2	6.81826355880409	6.81826355880409
1	.642042224441437	.642042224441437
1	.803019456343453	.803019456343453
2	3.12147718720944	3.12147718720944
2	1.76880874289691	1.76880874289691
1	10	 
2	1.57179044340373	1.57179044340373
1	2.77218711228747	2.77218711228747
2	1.2724087179305	1.2724087179305
1	0	0
2	1.0970853869242	1.0970853869242
1	2.69515215990566	2.69515215990566
1	6.89152859794809	6.89152859794809
2	1.96500036384531	1.96500036384531
1	10	 
1	7.05592057016525	7.05592057016525
1	10	 
1	10	 
1	.988556319324309	.988556319324309
2	1.22652503332474	1.22652503332474
1	10	 
1	10	 
2	1.39323994653756	1.39323994653756
2	10	 
1	3.226084581199	3.226084581199
2	2.84825197732233	2.84825197732233
1	3.7772284628473	3.7772284628473
1	9.43728268451209	9.43728268451209
2	1.52416972397436	1.52416972397436
2	10	 
2	6.66128762207568	6.66128762207568
2	3.42625579635568	3.42625579635568
2	1.32527437040075	1.32527437040075
2	10	 
2	3.4095504953818	3.4095504953818
2	10	 
1	.348071337852584	.348071337852584
1	10.0545493094033	 
1	10	 
2	1.46071752514924	1.46071752514924
1	6.97442657347966	6.97442657347966
1	1.09982400531399	1.09982400531399
1	2.62828052720873	2.62828052720873
2	1.44550961362411	1.44550961362411
2	.997633797956997	.997633797956997
2	1.58461037487348	1.58461037487348
1	3.09730379869371	3.09730379869371
2	.906403481549554	.906403481549554
1	9.83025027653218	9.83025027653218
1	1.01290516167932	1.01290516167932
2	1.32688323176865	1.32688323176865
2	8.76131833778358	8.76131833778358
1	10	 
1	8.58265406141131	8.58265406141131
2	9.05614113032482	9.05614113032482
1	10	 
1	9.13053638450907	9.13053638450907
1	10	 
1	10	 
2	6.58704747172854	6.58704747172854
2	2.02472309204564	2.02472309204564
2	2.84064734595022	2.84064734595022
2	7.07666822723351	7.07666822723351
1	3.29473658879448	3.29473658879448
1	7.13187123898298	7.13187123898298
2	1.45008685231142	1.45008685231142
1	.597839781784733	.597839781784733
2	7.2366981884819	7.2366981884819
1	9.60201747528727	9.60201747528727
2	1.5695927345592	1.5695927345592
2	10	 
2	3.29833267918662	3.29833267918662
2	10	 
2	8.83086541005145	8.83086541005145
2	2.79268138158125	2.79268138158125
1	.423772420541755	.423772420541755
1	8.75968823555279	8.75968823555279
1	10	 
2	.898120449649922	.898120449649922
1	10	 
1	10	 
2	.620895704825975	.620895704825975
1	7.21037155383946	7.21037155383946
2	1.00415004350326	1.00415004350326
1	6.29567997140298	6.29567997140298
2	1.32707445727429	1.32707445727429
2	7.05086486809264	7.05086486809264
1	7.18083386750605	7.18083386750605
2	10	 
2	7.0822031885368	7.0822031885368
1	9.18787178800211	9.18787178800211
1	2.66199537127142	2.66199537127142
2	1.18135857836939	1.18135857836939
2	2.7636883775445	2.7636883775445
2	1.41212989850608	1.41212989850608
1	9.17110998356693	9.17110998356693
2	10	 
1	.835884882016627	.835884882016627
1	.856052392491523	.856052392491523
2	10	 
2	10	 
2	1.23751991303035	1.23751991303035
2	10	 
1	6.74667962172944	6.74667962172944
1	9.38078736074236	9.38078736074236
1	.903416189708098	.903416189708098
1	10	 
2	.78721943876106	.78721943876106
2	2.75242255153547	2.75242255153547
1	6.94271920902783	6.94271920902783
2	2.43009945212647	2.43009945212647
1	.742769496911822	.742769496911822
1	7.18159124438388	7.18159124438388
1	9.24650285131051	9.24650285131051
1	10	 
1	3.18405277189979	3.18405277189979
1	6.73693266139016	6.73693266139016
1	10	 
2	4.13557378317386	4.13557378317386
2	1.07572904539724	1.07572904539724
1	9.55572636802452	9.55572636802452
1	7.17704647878052	7.17704647878052
1	9.55633373959605	9.55633373959605
1	10	 
1	.521677442851692	.521677442851692
2	2.75104006490849	2.75104006490849
1	9.21373143476686	9.21373143476686
1	9.15104200420066	9.15104200420066
2	1.62914781708616	1.62914781708616
1	.357611065046577	.357611065046577
1	10	 
2	1.0948066734967	1.0948066734967
2	1.18867602983221	1.18867602983221
2	.92062614344413	.92062614344413
2	7.06154491239827	7.06154491239827
2	7.1001055301905	7.1001055301905
1	10	 
2	7.65288333664482	7.65288333664482
2	1.34140179980121	1.34140179980121
2	1.26889272270196	1.26889272270196
2	1.64063156246591	1.64063156246591
2	1.31747742519026	1.31747742519026
2	2.45219888266283	2.45219888266283
2	9.91052275872853	9.91052275872853
2	1.79615485934483	1.79615485934483
2	.573844891156851	.573844891156851
1	3.56389389068573	3.56389389068573
1	10	 
1	10	 
2	9.12666031235459	9.12666031235459
1	6.49307130509927	6.49307130509927
1	9.25586857766514	9.25586857766514
1	.643335463734255	.643335463734255
1	7.34751521294358	7.34751521294358
2	1.24097577158691	1.24097577158691
1	.833059816647286	.833059816647286
1	2.93360603177594	2.93360603177594
2	10	 
2	1.76937372876948	1.76937372876948
1	6.39064168066943	6.39064168066943
1	.390512813731414	.390512813731414
2	2.78557930858386	2.78557930858386
2	.694057623961774	.694057623961774
1	10	 
2	4.00345655733875	4.00345655733875
1	10	 
1	.438686113498765	.438686113498765
2	1.87597754391313	1.87597754391313
2	1.00200960244869	1.00200960244869
2	2.29975826487301	2.29975826487301
1	6.40072387340599	6.40072387340599
1	10	 
2	8.12558350224944	8.12558350224944
1	10	 
2	7.07870888211658	7.07870888211658
1	2.63450782541879	2.63450782541879
2	9.11917016674615	9.11917016674615
2	10	 
2	.811887768340437	.811887768340437
2	3.19095645234988	3.19095645234988
2	8.69449004084988	8.69449004084988
2	1.38511533653037	1.38511533653037
2	2.31691967808051	2.31691967808051
2	.80585852333826	.80585852333826
1	10	 
2	.831937921423927	.831937921423927
2	9.13814620794678	9.13814620794678
1	1.15003536822341	1.15003536822341
2	1.50552458775213	1.50552458775213
2	1.81282574955368	1.81282574955368
1	6.71402528009697	6.71402528009697
