   1       7   16.9752
   2      12   17.8238
   3       8   19.3864
   4       9   21.1087
   5       7   16.0775
   6       5   13.2527
   7      10   20.4849
   8       5   19.3482
   9      12   16.9510
  10       6   18.4590
  11      10   26.2306
  12       8   18.4149
  13       3    3.5636
  14       6   20.0398
  15       8   23.9409
  16      12   22.2286
  17       9   16.4595
  18      13   26.4873
  19       9   22.4409
  20       5   13.1951
  21      15   21.2512
  22       8   16.7245
  23       7   15.5363
  24       5   14.1184
  25       2    6.0165
  26       9   17.3561
  27       7   14.5431
  28      10   20.9941
  29      12   19.3253
  30       9   18.4398
  31      11   21.8196
  32       7   13.0896
  33       7   20.5712
  34       9   25.8021
  35      12   22.2725
  36       7   19.1709
  37      12   22.2737
  38      13   20.8674
  39      10   18.1111
  40      10   19.3409
  41       5   17.2229
  42       4    8.6817
  43      13   25.1175
  44       3   12.2727
  45       9   20.9022
  46       7   22.3447
  47       9   19.3750
  48       9   18.3499
  49       4   14.7203
  50      13   21.9638
  51       7   21.2908
  52       6   16.6993
  53      10   19.3580
  54       8   19.7101
  55      10   24.5349
  56       6   12.0231
  57      17   23.3791
  58       4    7.3830
  59       5   10.3766
  60       9   19.9806
  61       3    9.3735
  62       8   17.1651
  63      10   20.6405
  64       8   21.6054
  65       5   12.7404
  66       5   14.7586
  67       7   18.6585
  68       1    4.1379
  69       6   18.7754
  70      12   21.5542
  71       6   14.9377
  72       7   20.9206
  73      14   22.9539
  74      10   17.6436
  75       6   12.9307
  76      10   20.3363
  77       7   12.8056
  78       8   22.1348
  79       9   19.8403
  80       6   20.5586
  81      11   19.7561
  82      10   20.3529
  83       9   19.5611
  84      12   22.9510
  85       5   17.4848
  86       2    6.5911
  87       6   11.5289
  88       8   19.0983
  89       4   10.9989
  90      11   19.0089
  91       6   22.0926
  92       6   16.6695
  93       5   14.4907
  94       9   22.5885
  95      11   21.5580
  96      10   24.0735
  97       5   18.4364
  98      13   20.1804
  99      10   20.6814
 100      12   21.7345
