case_ID F2_1 C_2 F2_3 C_4 F2_5 C_6 F2_7 C_8 F2_9 C_10 F2_11 C_12 F2_13 C_14 F2_15 C_16 F2_17 C_18 F2_19 C_20
1 0 0 0 0 0 0 1 0 1 1 1 0 1 0 1 0 0 0 0 0
2 0 0 0 0 0 1 1 0 0 0 1 0 1 1 1 0 1 0 0 1
3 1 0 0 0 0 1 1 0 1 1 1 1 1 0 1 1 0 0 0 0
4 0 1 0 1 0 0 1 1 1 0 0 1 1 0 0 1 0 0 0 0
5 0 1 1 1 1 0 1 0 1 0 1 0 1 0 1 1 1 1 0 0
6 1 1 1 1 1 1 1 0 1 1 1 1 1 0 1 1 1 0 0 1
7 0 1 1 0 0 1 1 0 1 1 1 0 1 0 1 1 1 0 0 1
8 0 0 1 0 0 0 0 0 0 1 1 0 0 0 0 0 0 0 0 0
9 0 0 0 0 0 0 1 0 1 1 0 0 1 0 1 1 1 0 0 0
10 0 0 0 1 0 1 0 0 1 1 1 0 1 0 1 1 0 0 0 0
11 1 1 1 0 1 1 1 1 1 1 1 1 1 1 1 1 1 0 0 1
12 1 1 1 1 0 0 1 0 0 1 1 0 1 0 0 1 1 1 0 0
13 0 1 1 1 0 1 0 1 1 1 1 0 0 0 1 1 1 0 0 0
14 1 1 0 1 0 1 1 0 1 0 0 0 1 1 1 0 0 0 0 0
15 0 1 0 0 1 1 1 0 0 1 0 0 1 1 1 0 1 0 0 1
16 0 0 0 1 0 1 0 0 0 0 1 0 1 1 1 1 1 0 0 0
17 1 1 1 1 0 1 1 1 1 1 1 0 0 1 1 1 0 0 0 1
18 0 1 1 0 0 0 1 0 1 0 1 0 1 1 1 1 0 0 0 1
19 0 1 1 1 0 1 1 1 1 0 0 0 1 0 1 1 1 0 0 0
20 0 0 0 0 0 1 1 0 0 1 1 0 0 0 0 1 0 0 0 0
21 0 1 0 1 0 1 1 0 0 0 1 1 0 0 0 1 0 1 0 0
22 0 0 0 0 0 1 0 0 0 0 0 0 0 0 0 1 0 0 0 0
23 0 0 0 0 0 0 0 0 1 1 0 0 0 0 0 0 0 0 0 0
24 0 0 0 0 0 0 0 0 0 0 0 0 0 0 0 0 0 0 0 0
25 0 1 0 1 0 1 1 1 1 1 1 1 1 1 1 1 1 1 0 1
26 0 1 1 0 0 1 1 1 1 1 0 0 1 0 1 0 0 0 0 1
27 1 0 0 0 0 0 0 0 0 0 0 0 1 0 1 0 0 0 0 0
28 0 1 1 0 1 0 0 1 0 0 0 1 1 0 0 1 0 0 0 0
29 0 1 1 0 1 1 1 0 0 1 1 0 1 0 1 1 0 0 0 0
30 1 0 0 0 1 1 1 1 1 1 1 0 1 0 1 1 0 0 0 0
31 0 1 1 0 1 1 1 1 1 1 1 1 1 0 0 1 1 0 0 1
32 0 1 1 1 1 1 1 1 1 1 1 1 1 0 1 1 1 0 0 0
33 0 0 0 0 0 0 0 0 0 1 0 0 1 0 0 1 0 0 0 0
34 0 1 1 1 0 1 1 1 1 1 1 1 1 1 1 1 1 0 0 1
35 0 0 0 0 1 1 1 0 1 1 1 0 1 0 1 1 0 0 0 0
36 1 1 1 1 1 1 1 1 1 1 1 1 1 1 1 1 1 1 1 1
37 1 1 1 1 0 1 1 1 1 1 1 1 1 0 1 1 0 0 0 0
38 0 1 0 0 0 1 1 0 1 1 1 0 1 0 1 1 0 0 0 1
39 1 1 1 0 0 1 0 0 1 1 1 0 1 1 1 0 0 0 0 0
40 0 0 0 1 0 0 1 0 0 0 1 0 1 0 0 1 0 0 0 0
41 0 1 0 0 0 1 1 0 1 1 1 0 1 0 1 1 0 0 0 1
42 0 0 0 0 0 0 0 0 0 0 0 0 0 0 0 1 0 0 0 0
43 0 0 1 0 0 1 1 1 1 1 1 1 1 0 0 1 1 0 0 1
44 0 1 1 1 1 0 1 0 0 1 1 0 1 1 0 1 0 0 0 1
45 1 1 1 1 1 1 1 1 1 1 1 1 1 1 1 1 1 0 0 1
46 0 1 0 1 0 1 0 0 0 1 1 0 1 0 1 0 0 0 0 0
47 0 1 1 1 0 1 1 1 1 1 1 1 1 0 1 0 1 0 0 1
48 0 0 1 1 0 1 0 0 1 1 1 1 1 0 1 1 1 0 0 0
49 0 0 0 0 1 1 1 0 1 0 0 0 1 0 1 1 0 0 0 0
50 0 0 1 0 0 1 1 1 1 1 1 1 0 1 1 0 0 0 0 1
51 0 0 0 0 0 1 0 0 0 1 1 0 1 0 1 0 0 0 0 1
52 1 1 1 1 0 1 1 1 0 1 1 1 1 1 1 1 0 0 1 1
53 0 1 0 1 0 0 1 0 1 0 1 0 1 0 0 0 1 0 0 0
54 0 1 0 0 0 0 1 0 1 0 0 1 0 0 0 1 0 0 0 0
55 0 1 0 0 0 0 0 0 0 1 1 0 1 0 0 1 1 0 0 0
56 0 1 0 0 0 0 1 0 0 0 0 0 1 0 0 1 0 0 0 0
57 0 0 0 0 0 1 1 0 1 0 0 0 0 0 0 1 0 0 0 0
58 1 1 0 1 1 0 1 1 0 0 1 1 0 0 1 1 1 1 0 1
59 0 1 1 1 0 1 1 1 1 1 1 1 1 1 1 1 1 0 0 1
60 0 1 0 0 0 1 1 0 1 1 1 0 1 0 1 1 0 0 0 0
61 0 1 1 1 0 1 0 1 0 1 0 1 1 0 1 1 0 0 0 1
62 0 1 1 1 0 1 1 1 1 1 1 0 1 1 1 1 1 0 0 0
63 0 0 1 0 1 1 0 0 1 1 1 1 1 1 0 1 0 0 0 1
64 1 1 1 1 0 1 0 0 1 1 1 1 1 0 1 0 1 0 0 0
65 0 0 0 1 1 1 1 1 0 0 1 1 1 0 1 1 0 0 0 1
66 0 1 1 1 0 1 1 1 0 1 1 1 0 0 1 1 0 1 0 1
67 0 0 0 0 0 0 0 0 0 1 1 0 1 0 1 0 0 0 0 0
68 1 0 0 0 0 0 0 1 0 1 1 1 1 0 1 1 1 1 0 0
69 0 1 1 1 0 1 1 1 1 1 1 1 1 1 1 1 1 1 0 1
70 0 1 1 1 0 1 1 1 1 1 1 1 1 1 1 1 0 0 0 1
71 0 0 0 0 0 0 0 0 0 0 0 0 0 0 1 1 0 0 0 1
72 0 1 0 0 0 1 0 0 0 0 0 0 1 0 1 0 0 0 0 0
73 0 1 1 1 1 1 1 1 0 1 1 1 0 0 1 1 0 0 0 1
74 0 0 0 0 0 0 0 0 0 1 1 0 1 0 0 1 0 0 0 0
75 0 0 0 0 0 1 0 1 0 0 1 0 1 1 1 1 0 0 0 0
76 0 1 1 1 0 1 1 0 1 1 1 0 1 0 1 1 0 0 0 0
77 0 0 0 0 0 0 1 0 0 0 0 1 1 0 0 1 0 0 0 1
78 0 1 0 1 0 0 0 1 0 1 1 0 1 0 1 1 0 1 0 0
79 0 0 0 0 0 0 0 0 0 0 0 0 0 0 0 0 0 0 0 0
80 0 1 0 1 0 1 1 0 0 1 1 0 0 1 1 0 0 1 0 0
81 1 1 1 1 1 1 1 1 1 1 1 1 1 1 1 1 1 1 0 1
82 0 0 0 0 1 1 1 0 1 1 1 1 1 0 1 0 0 1 0 1
83 0 0 0 0 0 0 0 0 1 0 1 0 0 0 0 1 0 0 0 0
84 1 1 0 0 0 0 1 0 1 1 1 1 1 1 0 1 0 0 0 0
85 0 1 1 0 1 1 1 0 1 1 1 1 1 0 0 0 1 0 0 0
86 0 0 0 0 0 1 1 0 1 0 1 0 1 1 0 1 0 0 0 0
87 1 1 1 1 0 1 1 0 1 1 1 1 1 0 1 0 0 0 0 0
88 1 1 1 1 0 1 1 0 1 1 1 0 1 0 1 1 1 0 0 1
89 0 0 0 0 0 0 1 0 1 1 1 0 0 0 0 1 0 0 0 0
90 1 0 0 1 1 0 1 0 1 1 1 1 1 1 1 1 1 0 0 1
91 1 0 0 0 0 0 0 0 0 1 1 0 1 0 1 0 0 0 0 0
92 0 1 1 0 1 1 1 0 0 1 1 1 1 1 1 1 0 0 0 1
93 1 1 1 1 1 1 1 0 1 1 1 0 1 1 1 1 1 0 0 1
94 0 1 0 0 0 0 1 0 0 1 0 0 1 0 1 1 0 0 0 0
95 0 1 0 1 1 1 1 0 0 1 1 0 1 0 1 1 0 0 0 1
96 0 1 0 1 0 1 1 0 0 1 1 1 1 0 1 1 1 0 0 1
97 0 1 0 1 1 1 0 1 1 1 1 1 1 1 1 1 1 0 0 0
98 0 1 1 1 1 1 0 1 1 1 0 1 1 0 1 1 1 0 0 0
99 1 1 0 0 0 1 1 0 1 1 1 1 1 1 1 1 0 0 0 0
100 0 0 0 0 0 1 0 0 0 1 1 0 1 0 1 0 0 0 0 0
101 0 1 1 1 1 1 1 1 1 1 1 0 1 1 1 1 1 0 0 1
102 0 0 0 0 0 1 0 0 0 0 0 0 0 0 1 0 0 0 0 0
103 0 0 0 0 0 0 1 0 0 1 0 0 0 0 1 1 0 0 0 0
104 0 1 0 0 0 1 1 1 1 1 1 1 1 0 1 1 1 1 0 0
105 0 1 1 1 1 0 1 1 1 1 1 1 1 0 1 1 0 1 0 1
106 0 1 0 0 0 1 1 0 0 1 1 1 1 0 1 1 0 0 0 0
107 0 1 0 0 1 1 1 0 0 1 1 1 1 0 1 1 0 0 0 0
108 0 0 1 0 0 0 0 0 0 1 1 0 1 0 0 0 0 0 0 0
109 0 0 1 0 0 0 1 0 0 0 0 0 1 0 1 1 0 1 0 0
110 0 1 1 1 1 1 1 1 1 1 1 1 1 0 1 1 0 0 0 1
111 1 1 1 0 1 1 0 0 0 1 1 0 1 1 1 1 1 0 0 1
112 0 0 0 0 0 1 0 0 1 1 0 0 1 0 1 1 0 0 0 0
113 1 1 1 1 0 1 1 1 1 1 1 1 1 0 1 0 1 0 0 1
114 0 0 0 1 0 1 1 0 0 1 1 1 1 1 1 1 0 0 0 1
115 1 1 0 0 1 1 0 0 0 1 1 0 1 0 1 1 0 0 0 1
116 0 1 1 1 0 1 1 0 1 1 1 1 1 0 1 1 0 0 0 1
117 0 1 0 0 1 1 0 0 1 1 0 1 1 1 1 1 1 0 0 0
118 0 1 0 0 0 0 0 0 0 0 0 0 0 0 0 0 0 0 0 0
119 0 0 0 0 0 0 0 0 0 0 0 0 0 0 0 1 0 0 0 0
120 0 0 0 0 0 1 0 0 0 1 0 1 1 0 0 1 0 0 0 1
121 0 0 0 0 0 0 0 0 0 0 0 0 0 0 0 0 0 0 0 0
122 1 1 0 1 0 1 1 1 0 1 1 0 1 1 0 1 0 0 0 1
123 0 0 0 0 0 0 0 0 0 0 1 0 0 0 0 0 0 0 0 0
124 1 1 0 1 1 1 1 0 1 1 1 1 1 1 1 1 1 1 0 1
125 0 0 0 0 0 1 1 1 0 1 1 1 1 0 1 1 0 0 0 1
126 0 0 0 0 0 0 0 0 0 0 0 0 0 0 0 0 0 0 0 0
127 0 0 1 1 1 0 1 1 1 1 0 1 1 0 1 1 0 0 0 1
128 0 0 0 1 1 1 1 1 1 0 1 0 0 0 1 1 1 0 0 0
129 0 1 0 0 0 0 1 0 1 0 0 0 0 0 0 1 0 0 0 1
130 0 0 0 1 0 1 1 0 1 1 1 0 1 1 1 1 0 0 0 1
131 0 1 0 1 0 0 1 1 1 1 1 0 1 1 1 1 1 0 0 0
132 1 1 1 1 1 1 1 1 1 1 1 1 1 1 1 1 1 1 1 1
133 0 1 1 0 0 0 1 0 0 0 0 0 1 0 0 1 0 0 0 0
134 1 1 1 1 1 1 1 1 1 1 1 1 1 1 1 1 1 1 1 1
135 1 1 1 1 1 1 1 1 1 1 1 1 1 1 1 1 1 0 0 1
136 1 1 0 1 1 1 1 1 1 1 1 1 1 1 1 1 0 1 0 0
137 0 1 1 1 1 1 1 1 1 1 1 1 1 0 1 1 1 0 0 1
138 0 1 1 1 0 1 1 1 1 1 1 0 1 0 1 1 0 0 0 1
139 0 1 0 0 0 0 1 0 0 0 0 0 1 0 0 1 0 0 0 0
140 0 1 0 0 0 0 0 0 1 1 0 0 1 0 0 1 0 0 0 1
141 0 0 1 1 1 1 1 0 1 1 1 0 1 0 1 1 0 0 0 0
142 1 1 1 1 1 1 1 1 1 1 1 1 1 1 1 1 1 0 0 1
143 0 0 0 0 0 0 0 0 0 0 1 0 0 0 0 1 0 0 0 0
144 1 1 1 1 0 1 1 1 1 1 1 1 1 0 1 1 0 0 0 1
145 1 1 0 0 0 0 0 1 0 1 0 0 1 0 0 1 0 1 0 0
146 0 1 1 1 1 1 1 0 1 1 1 1 1 1 1 1 0 0 0 1
147 1 1 1 1 1 1 1 0 1 1 1 1 1 1 1 0 1 0 0 1
148 0 0 1 0 0 1 0 0 0 1 1 0 0 0 0 1 0 0 0 0
149 0 0 0 1 1 0 1 0 1 1 1 0 1 0 0 0 0 0 0 0
150 0 1 1 1 0 1 1 1 0 0 1 0 1 0 1 1 0 0 0 0
151 0 1 1 1 0 1 1 0 0 1 1 0 1 1 1 1 1 0 0 1
152 0 0 0 1 0 0 0 0 0 0 0 1 1 0 1 1 0 1 0 0
153 0 0 0 0 0 0 0 0 0 1 0 0 1 0 0 0 0 0 0 0
154 0 0 1 0 0 0 1 1 0 1 0 0 1 0 0 0 0 0 0 0
155 0 1 0 0 0 1 1 0 0 1 0 1 1 0 1 1 1 0 0 0
156 0 0 0 0 0 0 0 0 0 1 0 0 1 0 0 1 0 0 0 0
157 0 1 1 1 0 1 1 0 0 1 1 1 1 0 0 0 1 0 0 1
158 0 0 0 0 0 0 0 0 0 0 1 0 1 0 0 0 0 0 0 0
159 0 1 1 0 0 1 1 1 0 1 1 0 1 1 0 1 0 1 0 0
160 0 1 0 0 1 1 1 1 1 1 1 1 1 1 1 1 1 0 0 1
161 0 1 1 1 1 1 1 0 1 1 1 1 1 1 1 1 1 1 0 0
162 0 0 0 1 1 1 1 1 1 1 1 1 1 0 1 1 1 1 0 0
163 0 0 0 0 0 0 0 0 0 1 0 0 0 0 0 0 0 0 0 0
164 1 0 1 1 1 0 1 1 1 1 1 0 1 0 1 1 0 0 0 0
165 0 1 0 1 1 0 1 0 1 1 1 0 1 0 0 1 0 1 0 0
166 0 0 1 1 1 0 1 1 1 1 1 1 1 0 1 1 1 0 0 1
167 0 0 1 0 0 1 1 0 0 1 0 0 1 0 1 1 0 0 0 0
168 1 0 1 0 0 0 0 0 0 1 0 0 1 0 1 1 0 0 0 0
169 0 1 0 0 0 0 1 1 0 1 0 0 1 0 1 1 1 0 0 0
170 1 0 0 0 0 0 0 0 1 0 1 1 1 1 1 1 0 0 0 1
171 0 0 0 1 0 0 0 0 0 0 0 0 1 0 0 1 0 0 0 0
172 0 1 1 1 1 1 1 0 1 1 1 1 1 0 1 1 0 0 0 0
173 0 1 1 1 0 1 1 1 0 1 1 1 1 0 1 1 1 0 0 0
174 1 1 0 1 0 1 1 1 1 1 1 1 1 1 1 1 0 0 0 1
175 0 0 1 0 0 0 1 0 1 0 0 0 0 0 0 1 0 0 0 0
176 0 0 0 0 0 0 0 1 0 1 1 1 1 0 0 0 0 0 0 0
177 1 1 1 1 1 1 1 1 1 1 1 1 1 0 1 1 0 0 0 1
178 1 1 0 1 0 1 1 1 0 1 1 1 1 1 0 1 0 0 0 1
179 0 0 0 1 0 1 1 1 0 1 1 0 1 1 1 1 0 0 0 1
180 0 1 1 1 0 1 0 1 1 1 0 0 0 0 1 1 0 1 0 0
181 0 0 0 0 0 0 1 1 0 0 1 0 1 0 1 1 0 0 0 0
182 1 1 1 1 0 0 1 1 0 1 1 1 1 0 1 1 1 0 0 0
183 1 1 0 1 1 0 0 1 0 1 1 1 1 0 0 1 0 0 0 1
184 0 1 1 0 0 0 1 0 1 1 1 1 1 0 1 1 0 0 0 0
185 0 1 0 0 0 0 1 0 0 1 0 0 1 0 1 1 1 1 0 0
186 0 0 0 0 0 0 0 0 0 0 0 0 0 0 0 1 0 0 0 0
187 0 1 1 1 0 1 1 1 1 1 1 0 1 1 1 1 1 0 0 1
188 0 0 0 0 0 0 0 0 0 0 0 0 0 0 0 0 0 0 0 0
189 1 1 1 1 1 1 1 1 0 1 1 1 1 0 1 1 1 0 0 1
190 0 0 0 0 0 0 0 0 0 0 1 0 1 0 1 1 1 0 0 0
191 0 1 1 1 0 1 1 1 1 1 1 0 1 0 1 1 0 0 0 1
192 0 0 0 0 0 0 0 0 1 0 0 1 1 0 0 1 0 0 0 0
193 0 1 1 1 0 1 0 0 1 0 1 0 1 0 1 0 0 0 0 0
194 0 1 1 0 1 0 1 1 0 1 1 1 1 0 1 1 0 0 0 0
195 1 0 1 0 1 1 1 0 0 1 1 0 1 0 1 1 1 1 0 1
196 1 0 0 0 0 0 1 0 0 1 1 0 1 0 1 1 0 0 0 1
197 1 1 0 0 0 1 1 0 0 1 1 0 1 0 0 0 0 0 0 0
198 0 0 0 0 0 0 0 0 0 0 0 0 0 0 0 1 0 0 0 0
199 0 1 0 1 1 0 0 0 0 1 1 0 1 0 0 1 0 0 0 0
200 1 0 0 1 1 1 1 0 0 1 1 1 1 1 1 1 1 0 0 1
201 0 1 0 0 1 1 1 1 1 1 1 0 1 1 1 1 1 0 0 0
202 0 1 0 1 0 0 1 0 0 0 1 0 1 0 0 0 0 0 0 0
203 0 1 1 1 1 1 1 1 1 1 1 1 1 1 1 1 1 1 0 0
204 0 0 0 0 0 0 0 0 0 0 0 0 0 0 0 1 0 0 0 0
205 0 0 0 0 0 0 1 0 0 0 0 0 1 0 1 1 0 0 0 0
206 0 0 1 0 0 1 1 0 0 1 0 0 1 0 1 1 0 0 0 0
207 1 1 0 1 0 1 1 1 1 1 1 1 1 0 1 1 1 0 0 1
208 0 1 1 0 0 0 1 0 0 0 0 0 0 0 0 1 1 0 0 0
209 0 0 0 0 0 1 0 0 1 1 1 0 1 0 0 1 0 0 0 0
210 0 1 1 0 1 1 1 0 1 1 1 1 0 0 1 1 0 0 0 0
211 0 1 1 0 1 0 0 0 1 0 0 0 1 0 1 1 0 0 0 0
212 0 1 1 1 0 1 1 1 1 1 1 1 1 0 0 1 0 1 0 0
213 0 1 1 0 0 1 1 0 0 1 1 0 0 0 0 1 0 0 0 0
214 0 0 0 0 0 1 0 1 1 0 0 1 1 1 1 1 0 0 0 0
215 0 0 1 0 1 1 0 0 1 1 0 1 1 0 1 1 1 0 0 0
216 1 1 0 1 1 1 1 0 1 0 1 1 1 1 1 1 0 0 0 1
217 0 0 0 0 0 0 0 0 1 0 0 0 0 0 0 0 0 0 0 0
218 0 1 1 0 0 0 0 1 0 1 0 1 1 0 0 1 1 0 0 1
219 0 1 1 1 1 1 1 1 1 1 1 1 1 0 1 1 0 1 0 1
220 0 0 0 0 0 0 0 0 0 1 0 0 1 0 1 1 0 0 0 1
221 0 0 0 0 1 0 0 0 0 0 0 0 0 0 0 0 0 0 0 0
222 1 1 1 1 0 1 0 1 0 1 0 0 1 1 0 1 0 0 0 0
223 1 1 1 1 1 1 1 1 1 1 1 1 1 1 1 1 1 1 0 1
224 0 1 1 0 0 1 1 0 1 1 1 1 1 0 1 1 1 1 0 1
225 0 0 0 0 0 0 0 0 0 0 0 0 0 0 0 1 1 0 0 0
226 0 1 1 1 0 0 1 1 1 1 1 1 1 0 1 0 0 0 0 0
227 1 0 0 1 0 1 1 0 0 1 1 0 0 0 0 1 0 0 0 1
228 0 0 0 0 0 1 1 0 0 0 0 0 0 0 0 0 0 0 0 1
229 1 1 1 0 0 1 0 0 0 1 1 0 1 0 1 1 0 1 0 0
230 0 1 0 0 0 0 0 0 1 0 1 1 1 0 1 1 0 0 0 0
231 1 1 0 0 1 1 1 1 1 1 1 1 1 1 1 1 1 0 0 1
232 1 0 1 1 1 1 1 1 0 1 1 0 1 0 1 1 1 0 0 0
233 0 0 0 0 0 1 1 0 0 0 0 0 1 0 0 1 0 0 0 0
234 1 1 1 0 1 1 1 1 1 1 1 1 1 1 1 1 1 0 0 1
235 0 1 1 1 1 1 1 1 1 1 1 1 1 1 1 1 1 1 0 1
236 0 1 1 1 1 1 0 0 0 1 1 0 1 0 1 1 1 1 0 0
237 1 1 1 0 0 1 1 1 0 1 1 1 1 0 1 1 0 0 0 1
238 0 1 0 0 0 0 0 1 0 0 0 0 1 0 1 0 0 0 0 1
239 1 1 1 1 0 1 1 1 1 1 1 1 1 1 1 1 1 0 0 0
240 0 1 1 1 1 0 0 1 1 1 1 0 1 0 0 1 1 1 0 1
241 0 1 0 1 0 1 1 1 1 1 1 0 1 1 1 1 1 0 0 0
242 0 1 0 1 0 0 1 0 1 1 1 0 0 0 0 0 1 0 0 0
243 0 0 0 0 0 1 0 0 1 1 0 0 1 0 0 1 0 0 0 0
244 0 1 1 1 1 1 1 1 1 1 1 0 1 0 0 1 0 0 0 0
245 1 1 1 1 1 0 1 0 1 1 1 1 1 1 1 1 0 0 0 1
246 0 1 1 0 0 0 0 0 0 0 0 0 1 0 0 1 0 0 0 0
247 0 1 1 0 1 0 0 1 1 0 0 1 0 0 0 1 0 0 0 0
248 0 1 0 0 0 1 0 1 0 0 1 1 1 1 1 1 1 1 0 1
249 0 0 0 0 0 0 0 0 0 0 1 0 1 1 0 1 0 0 0 0
250 0 1 1 1 0 1 1 1 1 1 1 0 1 0 1 1 0 0 0 1
251 1 1 1 1 1 1 1 1 1 1 1 1 1 1 1 1 1 0 1 0
252 0 1 1 1 0 0 1 1 1 1 1 0 1 0 1 1 0 0 0 1
253 0 1 1 1 1 1 1 1 1 1 1 1 1 0 1 1 1 1 0 1
254 0 0 1 0 1 1 1 0 1 1 1 1 1 0 1 1 0 0 0 1
255 1 1 1 1 1 1 1 1 1 1 1 1 1 1 1 1 1 0 0 1
256 0 0 0 1 0 1 0 1 0 1 1 0 1 0 0 1 0 0 0 1
257 0 0 1 0 0 1 0 0 0 1 0 0 0 0 0 1 0 0 0 0
258 0 1 1 1 1 1 1 1 1 1 1 1 1 1 1 1 0 1 0 0
259 1 1 0 0 0 1 1 0 0 1 1 0 1 0 1 0 1 0 0 0
260 1 1 1 1 1 1 1 1 1 1 1 1 1 1 0 1 0 1 0 1
261 1 1 0 0 0 1 1 1 0 1 0 0 1 1 0 1 0 0 0 0
262 1 0 0 0 0 0 1 1 0 0 0 0 0 1 1 0 0 0 0 0
263 0 1 0 0 1 0 0 0 0 0 0 1 1 0 0 0 0 0 0 0
264 0 1 0 1 0 1 1 0 1 1 1 1 1 0 1 1 1 1 0 1
265 0 1 1 0 1 1 1 1 1 1 1 0 1 0 1 0 0 0 0 1
266 1 1 1 0 1 1 1 0 1 1 1 0 1 1 1 1 1 1 0 1
267 0 1 1 1 1 1 1 0 1 1 1 0 1 0 1 0 0 0 0 0
268 0 1 0 1 0 1 1 1 1 1 1 1 1 1 1 1 0 0 0 0
269 0 1 1 1 0 1 1 1 1 1 1 1 1 0 1 1 0 0 0 1
270 1 0 1 1 1 1 0 1 1 1 1 1 1 1 1 1 0 0 0 1
271 0 0 1 1 0 0 1 0 1 1 1 0 1 1 1 1 1 0 0 0
272 0 1 1 1 1 1 1 1 1 1 1 1 1 1 1 1 1 1 0 1
273 0 1 1 1 1 1 1 1 1 1 1 1 1 0 1 1 0 1 0 1
274 1 1 1 1 1 1 1 1 1 1 1 0 1 0 1 1 1 1 0 1
275 0 0 0 0 0 0 0 0 0 0 0 0 1 0 0 0 0 0 0 0
276 0 1 1 1 0 1 1 1 1 1 1 1 1 1 1 1 1 1 1 0
277 1 1 1 1 1 1 1 1 1 1 1 1 1 0 1 1 1 0 0 0
278 1 0 1 1 0 1 1 0 1 1 1 0 1 0 0 0 0 0 0 0
279 0 0 1 0 0 1 0 0 1 1 1 1 1 0 1 1 0 0 0 1
280 1 0 0 0 1 1 1 1 0 1 1 1 0 0 1 1 0 0 0 0
281 0 1 0 0 0 0 0 0 0 1 0 0 1 0 0 1 0 0 0 0
282 1 1 0 1 0 1 1 1 1 1 1 0 0 0 1 1 0 0 0 1
283 1 1 0 1 0 1 1 1 1 1 1 0 1 1 1 1 1 1 0 1
284 0 1 1 0 1 1 1 1 0 1 1 1 1 1 0 1 0 0 0 1
285 0 1 1 1 0 1 1 1 1 1 1 1 1 1 1 1 1 0 0 0
286 0 0 0 1 0 0 0 0 0 1 1 0 1 1 0 0 0 0 0 0
287 0 1 1 1 1 1 1 0 1 1 1 1 1 1 1 0 1 0 0 1
288 1 1 1 1 0 1 1 0 0 1 1 0 1 1 1 1 1 0 0 0
289 0 1 1 0 1 0 0 0 0 1 1 1 1 0 1 1 0 0 0 0
290 1 1 1 1 1 1 1 1 1 1 1 1 1 1 1 1 1 0 0 1
291 0 1 0 0 0 0 1 1 1 1 0 1 1 0 1 1 0 0 0 0
292 1 1 1 0 1 1 1 1 1 1 1 1 1 1 1 1 1 0 0 1
293 1 1 1 1 1 1 0 0 1 1 1 1 1 1 1 1 1 0 0 0
294 0 1 0 0 0 0 1 0 1 1 0 0 1 0 0 1 0 0 0 0
295 0 1 0 0 1 1 0 0 0 1 1 0 0 0 0 1 0 0 0 1
296 0 1 0 0 0 1 1 1 0 1 1 1 1 1 1 1 1 1 0 1
297 0 1 0 0 0 0 0 0 0 1 0 0 1 0 1 1 0 0 0 0
298 0 1 1 1 1 1 0 1 1 1 1 1 1 1 1 1 0 0 0 1
299 1 1 1 1 0 1 0 1 1 1 1 1 1 1 1 1 1 0 0 1
300 0 0 1 0 0 0 0 0 1 0 1 1 1 0 1 1 1 0 0 0
301 0 1 1 1 1 1 1 1 1 1 1 1 1 1 1 1 1 0 0 1
302 0 1 0 1 0 1 1 1 1 0 1 0 1 0 1 1 0 1 0 1
303 1 1 1 1 1 1 1 0 1 1 1 1 1 0 1 1 1 1 1 1
304 1 1 1 1 1 1 1 1 1 1 1 1 1 1 1 1 1 1 1 1
305 0 0 1 0 0 1 1 1 1 1 0 0 1 1 1 1 0 0 0 0
306 0 1 1 1 1 1 1 1 1 1 1 1 1 0 1 1 0 0 0 1
307 0 1 1 1 1 1 1 0 1 1 1 1 1 0 1 1 1 0 0 0
308 0 1 1 1 1 1 1 1 1 1 1 0 1 1 1 1 1 0 0 1
309 0 1 1 1 0 1 1 1 1 1 1 1 0 1 1 1 1 0 0 0
310 0 0 0 0 0 1 0 0 0 0 0 0 0 0 0 1 0 0 0 0
311 0 0 1 1 0 1 0 1 1 1 1 1 1 0 1 1 1 1 0 0
312 0 1 1 1 0 1 1 1 0 1 1 0 1 1 1 1 0 0 0 1
313 0 1 1 1 1 1 1 1 1 1 1 0 1 0 1 1 1 1 0 0
314 0 0 0 0 0 0 0 0 0 0 0 0 1 0 0 1 0 0 0 0
315 0 1 1 1 1 1 1 1 1 1 1 1 1 1 1 1 1 1 0 1
316 0 0 0 0 1 0 0 0 0 0 1 0 1 0 1 1 0 0 0 0
317 0 0 0 0 0 0 1 0 0 0 1 0 1 0 0 0 0 0 0 0
318 0 0 0 0 0 0 1 0 0 1 0 1 1 0 1 1 1 0 0 1
319 0 0 0 0 0 0 0 0 0 0 0 1 1 0 1 1 0 0 0 0
320 0 0 0 0 0 0 1 0 1 1 1 0 0 1 0 1 0 0 0 0
321 0 1 0 0 0 0 0 0 0 1 0 0 0 0 0 0 0 0 0 0
322 0 1 0 0 0 1 0 0 1 1 1 0 1 0 1 1 1 0 0 1
323 1 1 1 1 0 1 1 0 1 1 1 1 1 0 1 0 0 0 0 0
324 1 1 1 1 0 1 1 1 1 1 1 1 1 1 1 1 1 0 0 1
325 0 0 0 0 0 0 0 0 1 1 1 1 1 0 0 0 0 0 0 0
326 1 1 1 1 0 1 1 0 1 1 1 0 1 1 1 1 1 0 0 0
327 0 0 0 0 0 0 0 0 0 0 0 0 1 0 0 1 0 0 0 0
328 0 1 0 0 0 0 1 0 1 1 0 0 1 0 0 1 0 0 0 0
329 0 0 0 0 0 1 0 0 1 1 0 0 1 0 0 0 0 0 0 0
330 0 1 1 1 1 1 1 0 1 1 1 1 1 1 1 1 1 0 0 1
331 0 0 0 0 0 0 1 0 1 1 1 0 1 1 0 1 0 1 0 1
332 0 1 1 0 0 0 1 0 1 1 1 0 1 0 1 1 0 0 0 1
333 0 1 1 0 0 1 1 0 1 1 1 1 1 1 1 1 1 0 0 1
334 0 0 0 0 0 0 1 0 0 1 0 0 1 0 0 0 0 0 0 0
335 0 1 1 0 1 1 1 0 1 1 1 0 1 0 1 1 1 0 0 1
336 0 0 0 1 0 0 1 0 1 0 1 0 0 0 0 0 0 0 0 0
337 0 1 0 0 0 0 0 0 1 0 0 0 1 1 0 1 0 0 0 0
338 0 0 0 1 0 0 1 0 1 1 1 0 1 0 1 1 0 0 0 0
339 0 1 1 1 0 0 1 1 0 1 1 1 1 0 1 1 0 1 0 1
340 0 1 1 0 1 0 1 1 0 1 1 0 0 0 1 1 0 0 0 1
341 0 0 1 0 0 1 1 0 1 1 1 1 1 0 1 0 0 0 0 0
342 1 1 0 1 1 1 1 0 1 1 1 0 1 0 1 1 0 0 0 1
343 0 0 0 1 0 0 1 0 1 0 0 0 1 0 0 1 0 0 0 1
344 1 0 0 0 1 1 1 1 0 1 1 1 1 1 1 1 0 0 0 0
345 0 0 0 1 0 0 0 0 1 0 0 0 0 0 0 0 1 0 0 0
346 0 1 0 0 0 0 1 1 1 1 1 1 1 0 0 1 0 0 0 0
347 0 1 0 1 0 0 1 0 0 1 1 0 0 0 0 1 0 0 0 0
348 0 1 1 1 1 1 1 1 1 1 1 1 1 1 1 1 1 0 0 1
349 0 0 0 0 0 0 0 0 0 1 0 0 1 0 0 0 0 0 0 0
350 0 0 0 0 0 0 0 0 0 1 1 0 0 0 1 0 1 0 0 0
351 0 1 0 0 0 1 1 0 1 1 1 0 0 0 1 1 1 0 0 1
352 0 0 0 0 0 0 1 0 0 0 0 0 0 0 1 1 0 0 0 0
353 0 1 1 1 0 1 1 1 0 1 1 0 1 0 1 1 0 0 0 1
354 1 1 1 1 0 1 1 1 1 1 1 1 1 1 1 1 1 1 1 1
355 0 0 1 0 1 1 1 0 1 0 0 0 1 0 1 1 0 0 0 0
356 0 0 1 1 1 1 1 1 1 1 1 1 1 0 1 0 1 0 0 1
357 0 1 1 0 0 0 0 1 0 0 1 0 0 0 0 0 1 0 0 0
358 0 0 0 0 0 0 1 0 0 1 1 0 1 0 0 0 0 0 0 0
359 0 1 1 0 0 0 1 1 1 1 1 0 1 0 0 1 0 0 0 0
360 0 1 1 0 1 1 1 1 1 1 1 1 1 1 1 1 0 0 0 1
361 0 1 1 0 1 0 1 0 1 0 1 1 1 0 0 1 0 0 0 0
362 0 0 1 0 0 1 1 0 0 1 1 0 1 1 0 1 0 0 0 1
363 0 1 0 0 1 1 1 1 1 1 1 1 1 0 1 1 0 0 0 0
364 0 1 0 1 1 1 1 0 1 1 1 0 1 0 1 1 1 1 0 1
365 1 0 0 0 0 0 0 0 1 0 1 0 1 0 1 1 0 0 0 0
366 1 0 1 1 0 1 1 1 1 1 1 1 1 0 1 1 1 0 0 1
367 1 1 0 1 0 1 1 1 1 1 1 1 1 0 1 1 0 0 0 1
368 0 1 1 1 1 1 0 0 1 0 1 0 1 1 1 1 0 0 0 1
369 0 0 1 0 0 1 0 0 0 0 1 0 1 0 0 1 0 0 0 0
370 0 0 1 1 0 1 1 0 1 0 0 0 1 1 1 1 1 0 0 1
371 0 1 1 0 0 1 1 0 1 1 0 0 1 1 1 1 0 0 0 0
372 0 0 0 0 0 0 0 0 0 1 0 0 0 0 0 0 0 0 0 0
373 1 0 1 1 1 1 1 1 1 1 1 1 1 0 1 1 0 0 0 1
374 0 0 1 0 0 0 0 0 0 1 1 0 1 0 1 1 0 1 0 0
375 0 1 0 0 0 0 1 0 1 0 0 0 1 0 0 1 0 0 0 0
376 1 1 1 1 1 1 1 1 1 1 1 0 1 0 1 1 0 0 0 0
377 0 0 1 1 0 0 1 0 0 0 0 1 1 0 0 1 0 0 0 0
378 0 1 1 0 0 1 0 0 1 1 1 1 1 0 0 0 0 0 0 0
379 1 0 1 1 0 1 0 1 1 1 1 1 1 0 1 1 0 0 0 0
380 0 0 0 0 0 1 1 0 0 1 1 0 0 1 1 1 0 0 0 1
381 0 1 1 1 0 1 1 1 1 1 1 1 1 1 1 1 1 0 0 1
382 0 1 0 0 0 0 0 0 1 1 1 0 1 0 0 0 0 0 0 0
383 1 1 1 1 0 1 1 1 1 1 1 1 1 0 1 1 0 0 0 0
384 0 1 0 0 0 0 0 1 0 0 1 0 1 0 1 0 0 0 0 0
385 1 1 1 1 1 1 1 1 1 1 1 1 1 0 1 1 0 0 0 1
386 0 0 0 1 0 0 0 1 1 0 1 0 0 1 1 1 0 0 0 0
387 0 0 0 0 0 0 0 0 0 0 0 0 1 0 0 0 0 0 0 0
388 0 0 0 0 0 1 1 0 0 0 0 0 1 0 0 0 0 0 0 0
389 0 0 0 1 1 0 1 0 0 1 0 1 1 0 1 1 0 0 0 0
390 1 1 1 1 1 1 1 1 1 1 1 1 1 0 1 1 1 0 0 1
391 0 1 1 1 1 1 1 1 0 1 1 1 0 0 1 1 1 1 0 0
392 1 1 0 1 1 1 1 1 0 1 0 0 1 0 1 1 1 1 0 0
393 1 1 1 1 1 1 1 1 1 1 1 1 1 0 1 1 1 0 0 1
394 0 1 0 1 0 0 1 1 0 1 1 0 1 0 1 0 0 0 0 0
395 0 0 0 1 0 1 1 0 0 1 1 0 1 0 1 1 0 0 0 0
396 0 0 1 0 0 1 1 0 1 1 1 0 1 1 1 1 1 0 0 1
397 1 1 1 1 1 1 1 1 1 1 1 1 1 1 1 1 0 0 0 1
398 0 1 0 0 0 1 0 0 0 1 0 0 0 0 0 1 0 0 0 1
399 0 1 0 1 1 1 1 1 1 1 1 0 1 1 1 1 1 0 0 1
400 0 1 1 1 1 1 1 1 1 1 1 1 1 1 1 1 0 0 0 1
401 1 1 1 1 1 1 1 1 1 1 1 1 1 1 1 1 1 0 1 1
402 0 1 0 1 0 1 1 0 1 1 0 0 1 0 0 0 0 0 0 1
403 0 1 0 0 0 1 1 0 0 1 0 0 1 0 0 1 0 0 0 0
404 1 1 0 0 0 1 1 0 0 0 1 0 1 0 0 1 0 1 0 0
405 0 0 0 1 0 0 1 0 0 1 1 0 1 0 0 1 0 0 0 0
406 0 1 0 0 0 1 0 1 1 1 1 0 1 0 1 1 0 0 0 0
407 0 0 0 0 0 0 0 0 0 0 0 0 0 0 0 0 0 0 0 0
408 0 1 1 0 0 0 0 0 0 1 1 0 1 1 1 1 1 0 0 0
409 0 1 0 0 0 0 0 1 0 0 1 0 0 0 0 0 0 0 0 0
410 1 1 0 0 0 0 0 0 1 1 1 0 1 1 1 1 0 0 0 1
411 0 0 0 1 0 0 1 0 1 1 1 0 1 0 0 1 1 0 0 0
412 1 1 1 1 1 1 1 1 1 1 1 0 1 1 1 1 1 1 1 1
413 0 1 0 0 0 1 0 0 0 0 1 0 1 0 1 1 0 0 0 0
414 0 1 1 1 1 0 0 1 1 1 1 1 1 0 1 1 1 0 0 1
415 1 1 1 1 0 1 1 1 1 1 1 1 1 0 1 1 0 0 0 1
416 1 1 1 1 1 1 1 1 1 1 1 1 1 0 1 1 1 0 0 1
417 0 1 0 1 0 1 1 0 1 1 1 1 1 0 1 1 0 0 0 1
418 1 0 0 0 0 0 0 0 0 1 1 0 1 0 1 0 1 0 0 0
419 0 1 0 1 0 1 0 0 0 1 1 0 1 0 0 1 0 0 0 0
420 0 1 0 1 0 0 1 0 0 1 1 0 0 0 1 1 0 0 0 1
421 0 1 1 0 0 1 1 0 1 1 1 1 1 1 1 1 0 0 0 0
422 0 0 0 0 0 0 1 0 0 0 0 0 1 0 0 0 0 0 0 0
423 1 1 1 0 0 1 1 0 0 1 1 0 1 0 1 1 0 0 0 1
424 0 1 0 1 0 1 1 0 0 1 1 1 1 0 1 1 1 0 0 0
425 1 1 0 0 0 1 1 1 1 0 1 0 0 0 0 1 0 0 0 0
426 0 1 0 1 1 1 1 0 0 1 1 1 1 0 1 0 0 0 0 1
427 0 0 0 0 1 0 1 0 1 1 1 1 1 0 1 1 0 0 0 0
428 1 0 1 0 0 1 1 0 1 1 1 0 1 0 1 1 0 1 0 0
429 0 0 0 0 0 1 1 0 1 1 1 0 1 0 1 1 0 1 0 0
430 1 1 0 0 0 1 1 0 1 1 1 0 1 0 1 1 0 0 0 1
431 0 1 0 0 0 1 1 0 0 1 1 0 1 0 0 1 0 0 0 1
432 0 1 0 0 0 0 1 0 1 1 1 0 1 0 1 1 0 0 0 0
433 0 1 0 1 0 1 1 0 0 0 1 0 1 0 1 1 1 0 0 0
434 1 1 1 0 1 1 1 1 0 0 1 0 1 1 1 1 0 1 0 0
435 0 1 1 0 0 1 1 1 0 1 1 1 1 1 1 1 0 1 0 1
436 1 1 1 1 1 1 1 1 0 1 1 1 1 1 1 1 1 1 0 1
437 1 1 1 1 1 1 1 1 1 1 1 1 1 1 1 1 1 0 1 1
438 0 0 0 0 0 0 0 0 0 1 0 0 0 0 0 1 0 0 0 0
439 0 0 0 0 0 0 0 0 0 0 0 0 1 1 1 0 0 0 0 0
440 0 0 0 0 0 0 0 0 0 0 1 0 0 0 0 1 0 0 0 1
441 0 0 0 0 0 0 1 0 1 1 0 0 1 0 1 1 0 0 0 0
442 0 1 1 1 1 1 1 0 0 1 1 0 0 0 1 1 0 0 0 1
443 0 1 1 0 0 1 1 1 0 0 1 0 1 1 1 1 0 0 0 0
444 1 1 1 0 1 1 1 1 1 1 1 1 1 0 1 1 1 1 0 0
445 0 1 1 0 0 1 0 1 0 1 0 0 1 0 1 1 1 1 0 0
446 1 1 0 1 0 0 1 0 0 1 0 0 1 0 1 1 0 0 0 0
447 1 1 0 1 0 0 1 1 0 1 1 0 1 1 1 1 0 0 0 1
448 1 1 1 0 1 1 1 1 1 1 1 1 1 1 1 1 1 1 0 1
449 0 0 0 0 0 0 0 0 0 1 1 0 0 0 0 1 0 0 0 0
450 0 0 0 0 0 1 0 0 1 1 1 0 1 0 0 1 0 0 0 0
451 0 1 1 1 1 0 1 1 1 1 1 1 0 1 1 1 1 1 0 1
452 1 0 1 1 1 1 1 1 1 1 1 1 1 0 1 1 1 0 0 0
453 0 0 0 1 0 0 0 1 0 0 0 1 1 0 1 0 0 0 0 0
454 1 1 1 1 0 0 1 0 1 1 1 0 1 0 1 0 0 0 0 1
455 0 1 1 0 0 1 1 0 0 1 1 1 0 0 0 0 0 0 0 0
456 0 1 0 1 0 0 1 1 1 1 1 1 1 1 1 1 0 0 0 1
457 0 0 0 0 0 0 0 0 0 0 0 0 0 0 0 1 0 0 0 0
458 1 1 1 0 0 1 1 0 1 1 1 1 1 0 1 1 1 1 0 1
459 0 0 0 0 0 0 1 0 0 0 0 0 0 0 0 1 0 0 0 0
460 0 0 0 0 0 0 0 0 0 0 0 0 0 1 0 1 0 0 0 0
461 0 1 1 0 1 1 1 1 1 1 1 1 1 1 1 1 1 0 0 1
462 0 1 1 1 1 0 1 1 1 1 1 0 1 0 0 0 1 0 0 0
463 0 1 0 0 0 1 0 0 0 1 1 0 0 0 0 0 0 0 0 1
464 0 1 1 0 1 1 1 1 1 0 1 0 1 1 1 1 1 0 0 1
465 0 0 0 0 0 0 0 0 0 0 0 0 0 0 0 0 0 0 0 0
466 1 1 1 1 0 1 1 1 1 1 1 1 1 1 1 1 1 1 0 1
467 0 1 1 1 1 1 1 1 1 1 1 1 1 1 1 1 1 1 0 1
468 0 1 0 0 0 1 1 1 1 1 1 1 1 0 1 1 1 0 0 0
469 0 1 1 1 0 1 1 0 1 1 1 1 1 0 1 1 0 0 0 1
470 0 1 0 0 0 0 0 1 1 1 1 0 1 0 1 1 1 0 0 0
471 0 0 0 0 0 0 0 0 0 0 0 0 1 0 0 0 0 0 0 0
472 1 1 1 0 0 1 1 0 1 1 1 0 1 0 1 1 0 0 0 0
473 0 1 0 0 1 1 1 1 0 1 0 0 1 1 1 1 1 0 0 1
474 1 0 0 1 0 0 1 0 1 1 1 1 1 0 1 1 0 0 0 1
475 0 1 0 0 0 0 1 0 0 0 0 0 0 0 0 1 0 0 0 0
476 0 1 0 0 0 1 1 0 1 1 1 1 1 1 0 1 0 0 0 0
477 0 1 0 1 0 1 1 1 1 0 1 0 1 0 1 0 0 0 0 0
478 0 1 0 0 1 1 0 0 1 1 1 0 1 0 1 1 1 0 0 0
479 1 1 1 1 1 1 1 1 1 1 1 1 1 1 1 1 1 0 1 1
480 1 1 1 0 1 1 1 0 0 1 1 0 1 0 1 0 0 0 0 1
481 0 1 0 1 0 1 1 0 1 1 1 0 1 0 1 1 0 0 0 0
482 0 0 0 0 0 0 0 0 1 1 1 1 1 1 1 1 0 0 0 0
483 0 0 0 1 1 1 1 1 1 1 1 0 1 0 1 1 1 0 0 1
484 0 1 1 1 1 0 1 1 0 1 1 0 1 1 0 1 1 0 0 0
485 0 0 0 1 0 1 1 1 0 1 1 0 1 0 1 0 0 0 0 0
486 1 0 0 0 0 1 0 0 0 0 0 0 1 0 1 0 0 0 0 0
487 1 1 0 1 0 1 1 0 1 1 1 1 1 0 1 1 1 1 0 0
488 0 0 1 1 1 1 1 1 0 1 1 1 1 0 1 1 0 0 0 1
489 0 1 0 0 0 0 1 0 0 1 1 0 0 0 1 1 0 0 0 1
490 0 0 0 1 0 0 0 0 0 0 1 0 1 0 0 0 0 0 0 0
491 0 1 0 1 0 0 0 0 1 0 0 0 1 0 0 1 0 0 0 0
492 1 1 1 1 0 1 0 1 1 0 1 1 1 0 1 1 1 0 0 1
493 0 0 0 1 0 1 1 0 0 1 1 1 1 0 0 1 1 0 0 0
494 0 1 0 0 0 0 1 0 0 1 1 0 1 1 1 1 1 0 0 0
495 0 0 0 0 0 0 0 0 1 0 0 0 0 0 0 1 0 0 0 0
496 1 0 0 0 0 0 0 0 0 0 1 0 1 0 0 1 1 0 0 0
497 0 0 0 0 0 0 0 0 1 1 1 0 1 1 0 1 0 0 0 0
498 1 1 1 1 1 1 1 1 1 1 1 0 1 0 1 1 1 1 0 1
499 1 1 1 1 1 1 1 1 1 1 1 1 1 0 1 1 1 1 0 1
500 1 1 1 1 0 0 0 0 1 1 0 1 1 1 1 0 0 0 0 1
501 0 1 1 1 1 0 1 1 0 1 1 1 1 1 0 1 1 0 0 1
502 0 0 0 0 0 0 1 0 0 0 0 0 0 0 0 0 0 0 0 0
503 0 1 0 1 0 1 1 0 1 1 1 0 1 0 1 1 1 0 0 1
504 1 1 1 1 1 1 1 1 1 1 1 0 1 1 1 1 0 0 0 1
505 0 1 1 1 0 0 0 0 1 0 1 1 1 0 1 1 1 0 0 1
506 1 1 1 1 0 1 1 0 1 1 1 1 1 0 1 1 0 0 0 1
507 0 1 0 0 0 1 1 1 1 1 1 0 1 0 0 1 0 0 0 0
508 0 0 0 0 1 0 0 1 1 1 0 0 1 0 1 1 0 0 0 0
509 0 1 1 0 0 1 1 1 0 1 1 1 0 0 1 1 1 1 0 0
510 0 1 1 1 1 0 1 1 1 1 1 1 1 0 1 1 1 0 0 1
511 0 0 0 0 0 0 1 0 0 0 1 0 0 0 0 0 0 0 0 0
512 1 1 0 0 0 1 1 0 1 1 1 0 1 1 1 1 0 0 0 1
513 0 1 1 1 1 1 1 1 1 1 1 1 1 1 1 1 1 0 0 1
514 1 1 1 1 1 1 1 1 1 1 1 1 1 1 1 1 1 1 0 1
515 1 1 1 1 1 1 0 1 1 1 1 1 1 1 1 1 1 0 1 1
516 0 0 1 0 0 1 0 0 1 0 1 1 1 0 1 1 0 0 0 0
517 0 0 1 1 0 0 1 0 0 1 1 0 1 0 1 1 0 0 0 0
518 0 0 0 0 0 0 1 0 0 0 0 0 1 0 0 1 0 0 0 0
519 0 1 0 1 1 1 1 0 1 1 1 1 1 0 1 1 1 0 0 0
520 0 0 1 1 0 1 0 1 1 1 1 1 1 0 1 1 0 1 0 0
521 0 1 0 1 1 1 1 0 1 1 1 1 1 0 1 1 0 1 0 0
522 0 0 0 0 0 0 0 0 0 0 0 0 0 0 0 0 0 0 0 0
523 0 1 1 1 1 1 1 1 1 1 1 1 1 1 1 1 1 0 0 1
524 0 0 0 1 0 1 1 0 1 1 1 0 1 1 1 1 0 0 0 0
525 0 1 1 1 0 1 1 0 1 0 1 1 1 0 1 1 1 1 0 1
526 1 0 0 0 1 1 0 0 1 1 0 0 1 0 1 1 0 0 0 0
527 0 1 1 0 0 1 1 1 0 1 0 1 1 1 0 1 0 0 0 0
528 0 0 0 0 0 0 0 0 1 0 0 0 1 0 0 1 0 0 0 0
529 0 1 0 1 0 0 1 1 0 1 1 0 1 0 1 1 0 0 0 0
530 0 1 1 0 0 1 1 1 1 1 1 1 1 0 1 1 1 1 0 1
531 0 1 0 0 0 0 0 1 1 1 1 1 1 0 1 1 1 0 0 1
532 0 1 1 1 0 1 1 1 1 1 1 0 1 0 1 1 1 0 0 0
533 0 0 0 0 1 1 0 0 1 1 1 0 1 0 1 1 0 0 0 0
534 0 0 0 0 0 0 0 0 0 0 0 0 0 0 0 0 0 0 0 0
535 0 0 1 0 0 0 0 0 0 0 1 0 1 0 0 0 0 0 0 0
536 0 0 0 0 1 0 1 0 1 0 1 1 1 0 1 1 1 0 0 0
537 0 1 1 1 1 1 1 1 1 1 1 0 1 0 1 1 1 0 0 1
538 0 1 1 1 0 0 1 0 0 1 1 0 1 0 1 1 0 0 0 1
539 1 1 1 0 1 1 1 1 1 1 1 1 1 1 1 1 1 1 0 1
540 0 1 1 1 0 0 1 0 0 1 1 1 1 0 1 1 0 0 0 0
541 1 1 1 0 1 1 1 0 1 1 1 1 0 0 1 1 0 0 0 0
542 0 0 0 0 0 0 1 0 0 0 0 0 0 0 0 0 0 0 0 0
543 0 1 0 1 0 1 1 1 0 0 1 0 1 0 0 1 0 0 0 0
544 1 1 0 0 0 0 1 0 1 1 1 0 0 0 0 1 1 0 0 0
545 0 1 1 1 1 1 1 1 1 1 1 1 1 1 1 1 1 0 0 1
546 1 0 1 1 0 1 1 1 1 1 1 0 1 0 1 1 1 1 0 1
547 0 1 1 1 0 1 1 0 1 1 1 1 1 1 1 1 1 0 0 0
548 0 0 0 0 0 0 0 0 0 0 0 0 0 0 0 0 0 0 0 0
549 0 0 0 0 0 1 0 0 0 1 1 0 1 1 1 0 0 1 0 0
550 0 1 0 0 0 0 0 1 0 1 1 0 1 0 1 1 0 0 0 0
551 0 1 1 0 0 1 0 0 0 1 1 1 1 1 1 1 0 0 0 1
552 0 1 0 1 0 0 0 1 0 1 1 0 1 0 1 0 0 0 0 0
553 0 1 0 1 0 1 1 1 1 1 0 1 1 0 1 1 1 0 0 1
554 0 1 0 1 0 0 1 0 1 1 1 0 1 0 1 1 0 0 0 1
555 1 1 1 1 1 1 1 1 1 1 1 1 1 0 1 1 1 0 0 0
556 0 1 1 1 1 1 1 0 1 1 1 1 1 1 1 1 0 0 0 0
557 0 1 0 1 1 1 0 0 1 1 0 0 1 0 1 1 0 0 0 0
558 1 1 1 1 1 1 1 1 0 1 1 1 1 0 1 1 1 0 0 0
559 1 1 1 0 1 1 1 1 0 1 1 1 1 1 1 1 1 0 0 1
560 0 0 0 0 0 0 0 0 1 0 1 0 1 0 1 1 1 0 0 0
561 1 0 0 1 0 1 1 1 1 1 0 0 1 1 1 1 0 1 0 0
562 0 0 0 0 0 0 0 0 0 0 0 0 0 0 0 1 0 0 0 0
563 1 1 1 1 1 0 1 1 1 0 1 0 1 0 1 1 0 0 0 1
564 0 0 0 0 0 0 0 0 0 0 1 0 0 0 0 1 0 0 0 0
565 0 1 1 1 0 0 1 0 1 1 1 1 1 1 1 1 1 0 0 1
566 0 1 0 0 0 1 1 0 0 0 1 0 1 0 1 0 0 0 0 1
567 0 1 1 0 0 1 1 0 1 0 0 0 0 0 1 1 0 0 0 0
568 0 0 0 0 0 0 0 0 0 0 0 0 0 0 0 0 0 0 0 0
569 0 1 0 0 0 1 0 1 1 1 1 0 1 1 1 1 1 0 0 0
570 1 1 1 0 1 1 1 1 1 1 1 1 1 1 1 1 0 0 0 1
571 0 1 0 0 0 1 1 1 1 1 1 0 1 0 1 1 0 0 0 1
572 0 1 1 0 1 1 1 1 1 1 1 1 1 1 1 1 1 0 0 1
573 0 0 1 0 0 1 1 1 0 1 1 0 1 0 1 0 1 0 0 0
574 0 0 1 1 0 1 1 0 0 1 1 0 1 0 1 1 1 1 0 1
575 0 0 0 0 0 0 1 0 0 1 1 0 0 0 0 0 0 0 0 0
576 0 1 0 0 1 1 1 0 0 1 1 0 1 1 1 1 0 0 0 0
577 0 1 0 1 1 1 1 1 1 1 1 1 1 0 1 0 1 1 0 1
578 0 1 1 1 1 1 1 0 1 0 1 0 1 0 1 0 1 0 0 1
579 1 1 1 1 1 1 1 1 1 1 1 1 1 0 1 1 1 1 0 1
580 0 1 0 0 0 1 0 0 1 1 1 0 1 0 1 1 0 0 0 0
581 0 0 1 0 0 1 0 0 0 0 0 0 1 0 0 0 0 0 0 0
582 1 1 0 1 0 0 1 1 1 1 1 1 1 1 1 1 0 0 1 1
583 0 0 0 0 0 0 0 0 1 1 0 1 1 1 1 0 0 0 0 1
584 0 1 1 1 1 1 1 1 1 1 1 1 1 1 1 1 1 0 0 1
585 1 1 1 1 0 0 1 1 1 1 1 1 1 0 1 1 1 0 0 0
586 1 1 0 0 0 0 1 0 1 0 1 0 1 0 0 0 0 0 0 0
587 1 1 0 0 0 1 1 1 1 1 1 1 1 1 1 1 0 0 0 0
588 0 0 0 0 0 0 0 0 0 0 1 0 1 0 0 1 0 0 0 0
589 0 0 0 0 0 0 0 0 0 0 0 0 1 0 0 1 1 0 0 0
590 0 1 0 0 0 1 0 1 0 1 1 0 1 0 1 1 0 0 0 0
591 1 1 1 1 1 1 1 1 1 1 1 1 1 0 1 1 1 0 1 1
592 0 0 0 1 0 1 1 0 1 0 0 1 1 1 1 1 0 0 0 1
593 0 1 1 1 1 1 1 1 1 1 1 1 1 1 1 1 1 1 1 1
594 0 1 0 1 1 0 1 1 0 1 1 0 1 0 1 0 0 0 0 0
595 0 1 0 0 1 1 1 1 1 1 0 1 1 1 1 1 0 0 0 1
596 0 0 0 0 0 0 0 0 0 1 0 0 1 0 0 0 0 0 0 0
597 0 1 1 1 0 1 1 0 1 1 1 1 1 1 1 1 1 0 0 0
598 1 1 1 1 0 1 1 0 1 1 1 1 1 1 1 1 1 0 0 1
599 0 0 1 1 0 1 1 1 0 1 1 0 1 1 0 1 0 0 0 0
600 0 0 0 1 0 0 1 1 0 0 1 0 1 0 0 1 0 0 0 1
601 0 0 1 0 0 0 1 1 0 0 1 1 1 0 1 1 0 0 0 0
602 1 0 1 1 1 1 1 1 1 1 1 0 1 0 1 1 1 1 0 0
603 1 1 1 1 0 1 1 0 1 1 1 0 1 1 1 0 0 1 0 1
604 0 0 0 0 0 0 1 1 0 0 1 0 1 1 0 1 0 0 0 0
605 1 1 0 1 1 1 1 0 0 1 1 1 1 1 1 1 1 0 0 0
606 0 1 1 0 1 1 1 1 1 1 1 0 1 1 1 1 1 1 0 1
607 1 1 0 0 0 1 1 1 1 1 1 1 1 0 1 1 0 1 0 1
608 0 1 0 1 0 1 0 1 0 1 1 0 1 1 1 1 0 0 0 1
609 1 1 1 1 1 0 1 1 0 1 1 1 1 0 1 1 1 0 0 1
610 1 1 0 1 0 0 0 0 0 0 0 0 1 0 1 1 0 0 0 1
611 0 1 1 1 1 1 1 1 1 1 1 0 1 0 1 1 1 1 1 1
612 0 0 0 0 1 1 1 0 1 1 0 0 1 0 1 0 0 0 0 0
613 0 1 0 1 0 1 1 0 1 1 1 0 0 0 1 1 0 0 0 1
614 1 1 1 0 0 1 1 0 0 1 1 1 1 0 0 1 0 0 0 0
615 0 1 0 1 0 1 1 1 1 0 1 0 1 0 1 1 1 0 0 0
616 0 1 1 1 1 1 0 0 0 0 1 1 1 0 1 1 0 1 0 1
617 0 0 0 0 0 0 0 0 0 1 0 0 0 0 0 0 0 0 0 0
618 0 0 0 0 0 0 0 1 0 0 0 0 1 0 0 1 0 0 0 0
619 0 0 1 0 0 1 1 1 1 0 1 0 1 1 0 1 1 0 0 1
620 0 0 0 1 0 1 0 0 1 1 1 0 1 1 1 1 0 0 1 0
621 0 0 0 0 0 0 1 0 0 0 0 0 0 0 0 0 0 0 0 0
622 1 1 0 0 0 1 1 1 1 1 1 0 0 0 1 1 1 0 0 0
623 1 0 1 1 1 1 1 1 1 1 1 1 1 0 1 1 0 1 0 1
624 0 0 0 0 0 0 0 0 0 1 0 0 0 0 0 1 0 0 0 0
625 0 0 0 1 0 0 1 1 1 1 1 0 1 0 0 0 0 0 0 1
626 0 1 0 0 1 1 1 0 1 0 1 0 0 1 1 1 1 0 0 1
627 0 0 0 0 0 0 1 0 0 1 1 0 1 1 0 1 0 0 0 0
628 1 1 1 0 0 1 1 0 1 1 1 1 1 0 0 1 0 1 0 0
629 0 0 0 0 0 0 1 0 0 1 0 0 0 0 0 1 0 0 0 0
630 0 1 0 0 0 0 1 0 1 0 0 0 1 0 1 1 0 0 0 0
631 0 1 0 1 1 1 1 1 0 1 1 1 1 0 1 1 1 0 0 1
632 0 0 1 1 0 1 1 1 0 1 1 1 1 0 1 1 0 0 1 0
633 1 1 1 1 1 1 1 1 1 1 1 1 1 1 1 1 1 0 1 1
634 0 0 1 0 0 0 0 0 0 0 1 0 1 0 0 1 0 0 0 0
635 0 1 1 1 1 1 1 1 1 1 1 1 1 0 1 1 1 0 0 1
636 0 1 0 0 0 1 0 0 1 1 1 0 1 0 1 1 0 0 0 0
637 0 1 0 0 0 1 0 0 0 1 1 0 1 0 1 1 1 0 0 0
638 0 1 0 0 0 0 0 0 0 1 1 0 1 0 1 1 1 0 0 0
639 0 0 1 0 0 1 1 1 1 1 1 1 1 1 1 1 1 0 0 1
640 1 1 1 1 1 1 1 1 1 1 1 1 1 0 1 1 0 1 0 1
641 0 1 0 0 0 0 0 0 0 1 0 0 0 0 0 0 0 1 0 0
642 0 0 0 1 0 1 0 0 0 0 0 0 0 0 0 0 0 0 0 0
643 1 1 1 0 1 1 1 0 1 1 1 0 1 1 0 1 0 0 0 0
644 0 0 0 0 0 0 0 0 0 0 0 0 1 0 0 0 0 0 0 0
645 0 1 1 1 1 1 1 0 0 1 1 1 1 1 1 1 0 0 1 1
646 0 1 1 1 1 1 1 1 1 1 1 1 1 0 1 1 1 0 0 1
647 0 0 0 1 0 1 0 1 0 1 1 0 1 0 1 1 0 0 0 1
648 1 1 0 0 1 1 0 1 1 1 1 1 1 1 1 1 0 0 0 0
649 0 0 0 0 0 1 1 0 0 0 1 0 1 0 0 1 0 0 0 0
650 0 0 0 0 0 0 1 0 0 0 1 0 0 0 0 0 0 0 0 0
651 0 0 0 0 0 0 1 0 0 1 0 0 0 0 0 1 0 0 0 0
652 0 0 0 0 0 0 0 0 0 0 0 0 1 0 0 0 0 0 0 0
653 0 1 1 0 0 1 0 0 0 0 1 0 0 0 0 1 0 0 0 0
654 0 0 0 1 0 0 0 1 1 1 1 0 0 0 1 1 0 0 0 0
655 1 1 0 1 0 0 0 0 0 1 1 0 1 0 0 0 0 0 0 1
656 0 0 0 0 0 0 1 0 1 1 0 0 1 0 0 0 0 0 0 0
657 1 1 0 1 0 1 0 0 1 1 1 0 1 1 1 1 1 0 0 0
658 0 0 0 1 0 0 0 0 0 0 1 0 1 0 0 0 0 0 0 0
659 0 0 0 0 0 0 0 0 0 1 1 0 1 0 0 1 0 0 0 0
660 0 0 1 0 0 0 1 0 0 0 0 0 0 0 0 0 0 0 0 0
661 0 1 1 1 1 1 1 0 1 1 0 1 1 1 0 1 0 0 0 0
662 0 0 0 0 0 0 0 0 0 0 1 0 0 0 0 1 0 0 0 0
663 1 1 0 0 0 1 1 1 1 1 1 1 1 1 1 1 1 0 0 0
664 0 1 1 1 0 1 1 1 1 1 1 1 1 1 1 1 1 0 0 1
665 1 1 1 1 1 1 1 1 1 1 1 1 1 1 1 1 0 0 0 0
666 1 1 1 1 1 1 1 0 1 1 1 1 1 1 1 1 0 1 0 1
667 0 1 1 1 0 1 1 1 1 1 1 1 1 1 1 1 1 0 0 0
668 0 0 0 0 0 0 0 0 0 0 0 0 0 0 0 0 1 0 0 0
669 0 1 1 1 1 1 1 1 1 1 1 1 1 1 1 1 0 0 0 1
670 0 0 0 0 0 0 0 0 0 1 1 0 1 0 0 0 0 0 0 0
671 0 1 0 0 1 1 1 0 1 1 1 1 1 0 0 1 0 0 0 0
672 0 1 0 1 1 1 0 0 0 0 0 0 0 0 1 1 0 0 0 0
673 1 0 0 0 0 1 1 0 0 1 1 0 1 0 0 1 0 0 0 0
674 1 0 1 1 1 1 1 1 1 1 1 1 1 1 1 1 1 0 0 1
675 1 0 1 1 0 0 1 0 0 1 1 1 1 0 0 0 0 0 0 1
676 1 1 0 1 0 1 1 1 1 1 1 1 1 1 1 1 0 0 0 1
677 0 0 0 0 0 0 0 0 1 0 0 0 1 0 0 1 0 0 0 0
678 0 0 0 0 0 0 0 0 0 0 1 0 1 0 1 0 0 0 0 0
679 0 0 0 0 0 0 1 0 0 0 1 0 1 0 0 0 0 0 0 0
680 0 1 0 0 0 1 1 1 1 1 1 0 1 0 1 1 0 0 0 0
681 1 1 0 1 0 0 0 1 1 1 0 1 1 0 1 1 0 0 0 0
682 0 1 1 0 1 1 1 0 1 1 1 0 1 0 1 1 0 0 0 1
683 0 1 0 0 0 1 1 0 1 0 1 0 0 0 0 1 0 1 0 0
684 0 1 0 0 0 1 1 1 1 1 1 0 1 0 1 1 1 0 0 0
685 0 0 0 0 0 0 0 0 0 0 0 0 0 0 0 0 0 0 0 0
686 0 0 1 1 0 1 1 1 1 1 1 1 1 0 1 1 1 0 0 1
687 1 1 0 0 0 0 0 0 1 0 1 0 1 0 1 1 0 0 0 0
688 0 1 1 0 1 1 1 0 1 1 1 0 1 1 1 1 1 1 0 0
689 0 0 0 1 0 0 1 0 0 1 1 1 1 0 1 1 0 0 0 1
690 1 0 0 1 0 1 1 0 1 1 1 0 1 0 1 1 0 0 0 0
691 0 1 0 1 0 0 1 0 0 1 1 1 1 0 0 1 1 0 0 1
692 0 1 0 1 0 0 0 0 0 0 0 0 1 0 0 0 0 0 0 0
693 0 0 0 0 0 1 1 0 1 0 0 0 1 0 1 1 0 1 0 0
694 1 0 0 0 0 1 1 1 0 0 1 0 1 0 1 1 0 0 0 1
695 0 0 1 0 0 1 1 0 1 1 0 0 0 0 0 1 0 0 0 0
696 0 1 1 0 1 1 1 0 0 1 0 0 1 0 1 1 0 1 0 1
697 0 0 0 0 0 0 0 0 0 1 0 1 0 0 0 1 0 0 0 0
698 1 1 0 0 0 0 0 0 0 0 1 0 1 0 0 1 0 1 0 0
699 0 1 0 0 0 0 0 0 1 0 0 0 1 0 1 1 0 0 0 0
700 0 1 1 1 1 1 1 1 1 1 1 0 1 0 1 1 1 0 0 0
701 0 1 1 1 1 1 1 0 1 1 1 0 1 0 1 1 1 0 0 0
702 1 1 1 1 1 1 1 1 1 1 1 1 1 1 1 1 1 1 0 1
703 0 1 0 0 1 0 1 0 1 1 1 0 1 0 1 1 1 0 0 1
704 0 0 0 0 0 0 0 0 0 0 0 0 1 0 0 0 0 0 0 0
705 0 0 0 0 0 1 1 0 1 1 1 0 1 0 0 1 0 0 0 0
706 0 1 0 0 0 1 1 0 0 1 1 1 1 0 1 1 1 0 0 0
707 0 0 0 0 0 1 0 0 0 1 1 0 1 0 0 1 0 0 0 0
708 0 0 1 1 1 1 0 1 0 1 1 1 1 0 1 1 1 1 0 1
709 0 1 0 0 0 1 1 1 0 0 1 0 1 1 1 1 1 0 0 0
710 1 1 0 1 1 1 1 1 1 1 1 1 0 1 1 1 1 0 0 1
711 0 1 1 1 0 1 1 1 1 0 1 1 1 1 1 0 1 0 0 1
712 1 1 1 1 1 1 1 1 1 1 1 1 1 1 1 1 1 1 0 1
713 0 1 1 1 0 1 0 1 1 1 1 1 1 1 1 1 1 0 0 1
714 0 0 0 0 0 0 1 0 0 0 0 0 0 0 0 1 0 0 0 0
715 0 0 0 1 0 1 1 1 1 1 1 0 1 1 1 1 0 0 0 0
716 0 1 0 0 0 1 1 0 1 1 0 0 1 0 1 1 0 0 0 0
717 1 1 0 0 1 1 1 0 1 1 1 1 1 0 0 1 0 0 0 1
718 0 0 0 0 0 1 1 1 0 1 0 0 1 0 1 0 0 0 0 1
719 0 1 1 1 1 1 1 1 1 1 1 1 1 1 1 1 1 1 0 0
720 0 1 1 1 0 1 1 0 1 1 1 0 1 1 0 1 1 0 0 1
721 0 1 1 0 0 0 1 0 0 0 1 0 1 0 1 0 0 0 0 0
722 0 1 1 1 1 1 1 0 0 1 1 0 1 0 1 1 0 0 0 1
723 0 0 0 1 0 0 0 1 0 1 1 1 1 0 1 0 1 0 0 1
724 0 1 1 1 0 0 1 0 0 0 0 1 1 0 1 0 0 0 0 0
725 1 0 0 1 0 0 1 0 1 1 0 0 0 0 0 0 0 0 0 0
726 1 1 1 1 1 1 1 1 1 1 1 1 1 0 1 1 1 0 0 0
727 1 1 1 1 1 1 1 1 1 1 1 1 1 0 1 1 0 0 0 1
728 0 0 0 0 0 1 1 0 0 0 1 0 1 0 0 0 0 0 0 0
729 1 0 0 0 0 0 1 0 0 0 0 0 0 0 0 0 0 0 0 0
730 0 0 0 0 0 0 0 0 0 0 0 0 0 0 0 1 0 0 0 0
731 0 0 0 0 0 0 1 0 0 0 1 0 1 0 0 1 0 0 0 0
732 0 1 0 1 0 0 0 1 1 1 0 0 1 0 1 1 0 0 0 0
733 1 0 1 0 0 0 0 0 1 0 1 0 1 0 1 0 0 0 0 0
734 1 1 0 0 1 1 1 1 1 1 1 1 0 1 1 1 0 1 0 1
735 1 1 1 1 1 1 1 1 1 1 1 0 1 0 1 1 1 0 0 1
736 0 0 1 1 1 1 1 1 1 1 1 1 1 1 1 1 0 1 0 1
737 1 0 0 0 0 1 1 0 1 1 1 1 1 0 1 1 0 0 0 1
738 0 0 0 0 0 1 0 1 1 1 1 0 1 0 1 1 0 0 0 1
739 0 1 1 1 1 1 1 0 1 1 1 1 1 0 1 1 1 1 0 1
740 1 1 1 1 1 1 1 0 1 1 1 1 1 0 1 1 0 1 0 1
741 0 0 0 1 0 0 1 1 0 1 1 0 0 0 0 1 0 0 0 0
742 1 1 1 1 0 1 1 1 1 1 1 1 1 1 1 1 0 0 0 1
743 0 0 0 0 0 0 1 0 0 1 1 0 1 0 1 1 0 0 0 0
744 0 0 0 0 0 0 0 0 1 0 1 0 1 0 0 0 0 0 0 0
745 0 1 1 1 1 1 1 1 1 1 1 0 1 1 1 1 0 0 0 1
746 0 1 0 0 0 1 1 0 1 1 1 0 1 1 1 1 0 0 0 1
747 0 0 0 0 0 0 1 0 1 1 0 1 1 0 0 1 0 0 0 1
748 0 0 0 1 0 0 0 0 1 1 0 0 1 0 1 1 0 0 0 0
749 1 1 1 1 1 1 1 1 0 1 1 0 1 0 1 1 0 0 0 1
750 1 0 1 1 0 1 1 1 0 1 1 1 1 0 1 0 1 0 0 1
751 0 0 0 0 0 0 0 0 1 0 0 0 0 1 0 0 0 0 0 0
752 1 1 0 1 0 1 1 1 1 1 1 0 1 1 1 1 0 0 0 1
753 0 0 0 0 0 0 1 0 0 0 0 1 1 0 1 0 0 0 0 0
754 0 1 0 1 0 1 1 1 0 1 1 0 1 0 1 1 0 0 0 1
755 0 1 0 0 0 1 0 1 1 1 1 0 1 0 1 0 0 0 0 1
756 0 0 0 0 0 0 0 0 0 1 0 0 1 1 0 0 1 0 0 0
757 1 1 0 1 1 1 0 1 1 1 1 1 1 1 1 1 0 0 0 0
758 0 0 0 1 0 0 0 0 1 1 0 1 0 0 1 1 0 0 0 0
759 0 1 1 1 0 1 1 0 1 1 0 0 1 0 1 1 1 0 0 0
760 0 0 0 0 1 0 0 0 0 0 0 0 1 0 0 1 1 0 0 0
761 1 1 1 1 0 1 1 1 1 1 1 1 1 1 1 1 1 1 0 0
762 0 0 1 0 0 0 1 0 0 1 1 0 1 0 1 0 1 0 0 1
763 0 1 1 0 0 1 1 1 0 1 1 0 1 1 1 1 0 1 0 1
764 0 1 0 0 1 0 0 0 1 1 0 0 1 0 0 0 0 0 0 1
765 1 0 0 0 0 0 1 0 0 1 1 0 1 0 1 1 0 0 0 0
766 0 1 1 1 0 0 0 1 1 1 1 0 1 0 1 1 1 0 0 0
767 0 0 0 0 0 0 1 0 0 0 1 0 1 0 1 0 0 0 0 0
768 0 1 0 0 0 0 0 0 1 1 0 0 1 0 0 0 0 0 0 1
769 1 1 1 1 0 1 0 1 1 1 1 1 1 0 0 1 1 1 0 0
770 0 1 1 0 0 1 1 0 1 1 0 0 1 0 1 1 1 0 0 0
771 1 1 1 1 0 1 1 1 0 1 1 1 1 0 1 1 1 0 0 1
772 0 1 0 1 0 0 1 0 1 1 1 1 1 0 1 1 0 0 0 0
773 0 1 0 0 0 1 1 0 1 0 1 1 1 0 0 1 0 0 0 0
774 0 0 0 0 0 0 1 0 0 0 0 0 1 0 0 1 0 1 0 0
775 1 1 1 1 0 1 1 1 1 1 1 1 1 1 1 1 1 1 0 1
776 0 1 0 1 0 1 1 0 0 1 1 0 1 0 0 1 0 1 0 1
777 1 0 1 0 0 1 0 0 0 1 1 0 1 0 1 1 0 0 1 0
778 0 1 1 1 0 1 1 0 0 1 1 1 1 0 1 1 0 0 0 1
779 0 0 0 0 0 0 0 0 0 0 0 0 0 0 0 0 0 0 0 0
780 0 0 0 0 0 0 0 0 0 0 1 0 0 0 0 0 0 0 0 0
781 1 0 0 1 1 1 1 1 0 1 1 1 1 1 1 1 0 0 0 0
782 0 1 1 1 0 0 1 0 0 0 0 0 0 0 0 1 0 0 0 0
783 0 0 0 0 0 1 1 0 0 1 1 0 1 0 1 0 1 0 0 0
784 0 1 1 0 1 1 1 1 1 1 1 1 1 0 1 1 0 0 0 1
785 0 0 1 0 1 1 1 1 1 1 1 0 1 1 0 1 0 0 0 0
786 0 0 0 0 0 0 1 0 1 1 1 0 1 0 0 1 0 0 0 0
787 0 1 0 0 1 0 0 0 0 1 0 1 0 0 0 1 0 0 0 0
788 0 1 1 1 0 0 1 0 0 1 1 0 1 0 0 1 0 0 0 0
789 0 0 0 0 0 0 0 0 0 0 0 0 1 0 0 1 0 0 0 0
790 1 0 1 1 1 1 1 1 1 1 1 1 1 1 1 1 1 0 0 1
791 1 1 1 1 1 1 1 1 1 1 1 1 1 1 1 0 1 1 1 1
792 0 1 0 0 0 0 1 1 0 1 0 0 1 0 0 1 1 0 0 0
793 0 1 1 1 0 1 1 1 1 1 1 1 1 1 0 1 1 0 0 1
794 1 0 0 1 0 1 1 1 1 1 0 1 1 0 1 1 1 0 0 0
795 0 1 0 0 0 0 0 0 1 1 1 0 1 0 0 1 0 0 0 1
796 1 1 1 1 0 1 1 1 1 1 1 1 1 1 1 1 1 0 0 0
797 1 1 1 1 0 1 1 1 1 1 1 1 1 0 1 1 0 0 0 0
798 0 1 0 1 0 1 1 0 0 1 1 0 0 1 0 1 0 0 0 0
799 0 1 1 1 1 0 1 1 1 1 1 1 1 0 1 0 1 0 0 0
800 1 1 0 1 0 0 1 1 1 1 1 1 1 0 1 1 0 0 0 1
801 1 1 1 0 1 1 1 1 1 1 1 1 1 0 1 1 1 0 0 1
802 0 1 0 1 0 0 1 1 1 1 1 1 1 0 1 1 1 0 0 1
803 0 1 1 1 0 1 1 1 1 1 1 1 0 0 1 1 1 0 0 0
804 0 1 0 1 0 1 1 0 0 0 0 0 1 0 1 1 0 0 0 1
805 0 1 1 0 0 1 1 1 1 1 1 1 1 1 1 1 0 1 0 1
806 1 1 0 1 1 1 1 1 1 1 1 1 1 0 1 1 1 1 0 0
807 1 1 1 0 0 0 1 0 0 0 1 0 0 0 1 1 0 0 0 0
808 1 1 1 1 0 1 1 1 1 1 0 1 1 0 1 1 1 0 0 0
809 0 0 0 1 0 0 1 0 1 0 0 0 1 0 0 0 1 0 0 0
810 0 1 0 1 0 1 1 1 1 1 1 1 1 1 0 1 1 0 0 1
811 0 1 0 0 0 1 1 0 1 1 1 1 0 0 1 1 0 0 0 1
812 0 1 1 1 0 0 1 1 1 1 1 0 1 1 1 1 0 0 0 1
813 0 1 0 0 0 1 0 0 0 0 1 0 1 1 1 1 0 0 0 1
814 0 0 0 1 1 0 0 0 1 0 0 0 1 0 0 0 0 0 0 0
815 0 1 1 1 0 1 1 0 0 0 1 1 1 0 1 1 1 0 0 1
816 0 0 0 0 0 1 0 0 0 1 0 0 1 0 0 1 0 0 0 0
817 0 1 1 0 1 1 0 0 1 0 1 0 1 0 1 0 0 0 0 1
818 1 1 1 1 1 1 1 1 1 1 1 1 1 1 1 1 1 0 0 1
819 1 1 1 1 0 0 1 1 0 1 1 1 1 1 1 1 1 0 0 1
820 0 1 0 0 0 0 1 1 1 1 1 1 1 0 1 0 0 0 0 1
821 0 0 0 0 0 0 1 0 0 0 0 0 1 0 0 0 0 0 0 1
822 0 1 0 0 0 0 1 0 0 0 1 0 1 0 1 1 0 0 0 0
823 0 0 0 0 0 0 0 0 0 0 0 0 0 0 0 0 0 0 0 0
824 0 1 1 1 0 1 1 0 1 1 1 0 1 1 1 1 1 0 0 0
825 1 0 1 1 1 1 1 1 1 1 1 1 1 1 1 1 0 1 0 1
826 0 0 0 0 0 0 1 0 1 1 1 1 1 0 1 1 0 1 0 1
827 0 1 0 0 0 0 1 0 0 1 1 0 0 0 1 1 0 0 0 1
828 1 0 0 0 1 0 1 0 1 0 1 0 1 1 0 1 0 0 0 0
829 1 1 1 1 1 1 1 1 1 1 1 1 1 1 1 1 1 1 0 0
830 0 1 0 0 0 1 0 0 0 0 1 0 1 0 0 1 0 0 0 0
831 0 1 0 0 0 0 1 0 0 1 0 0 1 0 1 1 0 0 0 0
832 0 0 0 0 0 0 1 0 1 1 1 0 1 1 1 1 1 0 0 0
833 0 1 1 1 0 1 1 1 1 0 1 0 1 1 1 1 0 0 0 0
834 0 1 1 1 0 1 0 1 1 0 1 0 1 0 1 1 0 0 0 1
835 1 1 0 0 1 1 1 1 1 1 1 1 1 0 1 1 1 0 0 0
836 0 0 0 0 0 1 0 0 1 1 0 0 1 0 0 1 0 0 0 0
837 1 1 1 1 1 1 1 1 0 1 1 1 1 1 1 1 1 1 0 1
838 1 1 0 0 1 0 1 1 1 1 1 1 1 1 1 1 1 0 0 1
839 1 1 1 1 1 1 1 1 1 1 1 1 1 1 1 1 1 1 0 0
840 0 1 1 1 0 0 1 1 1 1 1 0 1 0 1 1 0 0 0 0
841 0 0 0 0 0 0 0 0 0 0 1 0 0 0 0 0 0 0 0 0
842 1 0 0 0 0 0 1 1 0 1 0 0 1 0 0 1 0 0 0 0
843 1 1 0 1 0 0 1 0 1 1 1 1 1 1 1 1 0 1 1 1
844 0 1 1 1 0 1 1 1 0 0 0 1 1 1 0 1 0 0 0 1
845 0 1 1 1 0 1 1 0 1 1 1 0 1 0 1 1 1 0 0 0
846 0 0 0 0 0 0 0 0 1 1 1 0 1 0 0 1 0 0 0 0
847 0 1 0 0 0 0 1 0 0 0 1 0 1 0 1 1 0 1 0 1
848 0 0 0 0 0 0 1 1 1 0 0 0 1 0 0 1 0 0 0 0
849 0 0 0 0 1 1 1 0 1 0 1 1 1 0 0 1 1 0 0 1
850 0 1 1 1 1 1 1 1 1 1 1 1 1 0 1 1 0 0 0 1
851 1 1 1 1 1 1 1 1 1 1 1 1 1 0 1 1 1 1 0 1
852 0 1 0 0 0 0 0 0 0 0 1 0 0 0 0 0 0 0 0 0
853 0 1 0 1 0 0 1 1 0 1 0 0 1 1 0 1 0 0 0 0
854 0 1 0 0 1 1 1 0 1 1 1 0 1 0 1 1 0 0 0 0
855 0 0 0 0 0 1 0 1 0 0 0 0 1 0 0 0 0 0 0 0
856 0 1 0 0 0 1 1 1 1 1 1 0 1 0 1 0 1 0 0 0
857 0 1 0 1 0 0 1 0 0 1 1 0 1 0 1 1 0 0 0 0
858 1 0 1 1 0 1 0 0 1 0 0 0 1 0 1 0 0 0 0 0
859 0 1 1 0 1 1 1 0 1 1 1 0 1 1 1 1 0 1 0 1
860 0 1 0 0 0 1 1 0 1 1 1 0 1 0 1 1 0 1 0 0
861 0 0 1 0 0 0 0 0 1 1 1 0 1 0 1 0 0 0 0 1
862 0 0 0 0 0 0 0 0 0 0 1 0 1 0 0 0 0 0 0 0
863 1 0 1 0 0 0 1 1 1 1 1 1 1 0 1 0 1 0 0 0
864 0 1 1 1 0 1 1 1 1 1 1 0 1 1 1 1 1 0 0 1
865 0 0 0 0 0 1 0 1 0 1 0 0 1 0 0 1 0 0 0 1
866 0 1 0 0 0 0 1 0 0 0 1 1 1 1 0 0 0 0 0 1
867 0 0 0 0 0 1 0 0 0 1 1 0 1 0 0 1 0 0 0 1
868 0 1 0 1 1 1 0 1 1 0 1 1 1 1 1 1 1 1 0 1
869 0 0 1 1 1 1 1 0 1 1 1 0 1 0 1 1 0 1 0 0
870 1 1 1 1 0 0 1 1 1 1 1 1 1 1 1 1 1 0 0 1
871 0 1 1 0 0 1 0 1 0 1 1 0 0 0 0 0 0 0 0 0
872 1 0 1 1 0 1 1 0 1 1 1 1 1 0 1 1 0 0 0 0
873 1 0 0 1 0 1 1 1 1 1 1 0 1 1 0 1 1 1 0 1
874 1 1 1 1 0 1 0 1 1 1 1 1 1 1 1 1 1 1 0 1
875 0 1 1 0 1 0 1 1 1 1 1 1 1 0 1 1 1 1 0 0
876 0 0 0 0 0 0 0 0 0 0 0 0 0 0 0 1 0 0 0 0
877 0 1 1 0 0 0 1 0 1 1 1 1 1 0 0 1 1 0 0 1
878 1 1 1 1 0 1 1 1 0 1 1 1 1 1 1 1 1 0 0 1
879 1 1 1 1 0 0 1 1 1 1 1 1 1 0 1 1 1 1 0 1
880 0 1 1 1 0 1 1 1 0 1 1 0 0 0 0 1 0 0 0 1
881 0 0 1 0 0 0 0 0 0 0 1 0 1 0 0 0 1 0 0 0
882 0 1 0 1 0 1 1 1 1 1 1 1 1 0 1 1 1 0 0 1
883 0 0 0 0 0 0 0 0 0 1 1 0 1 0 0 0 0 0 0 0
884 1 1 1 1 1 1 1 1 1 1 1 0 1 1 1 1 0 1 0 1
885 0 0 0 0 0 0 0 0 0 0 0 0 0 0 1 0 0 0 0 0
886 0 1 1 1 0 1 1 1 1 1 1 1 1 1 1 1 1 0 0 1
887 0 1 1 1 1 1 1 1 0 1 1 1 1 0 1 1 1 0 0 1
888 0 1 1 1 1 0 1 0 0 0 0 1 1 1 1 1 0 0 0 0
889 0 0 0 0 0 0 1 1 1 0 0 0 1 0 1 1 1 0 0 0
890 0 0 1 1 1 1 0 0 1 1 1 1 1 0 1 1 0 0 0 1
891 0 1 1 1 1 1 1 1 1 1 1 1 1 0 1 1 1 0 0 1
892 0 0 1 1 0 1 0 0 1 1 0 1 0 0 0 0 0 0 0 0
893 1 1 1 0 0 0 1 0 1 0 0 0 1 0 0 1 0 0 0 0
894 0 0 0 1 0 0 0 0 1 0 1 1 1 0 1 0 0 0 0 0
895 0 0 1 1 0 1 0 0 0 0 1 1 1 1 0 1 0 0 0 1
896 0 1 0 0 1 1 1 1 1 1 1 1 0 0 1 1 0 0 0 1
897 0 1 0 1 0 1 1 1 0 1 1 0 1 1 0 1 0 0 0 0
898 1 1 1 1 0 1 1 1 1 1 1 0 1 0 1 1 0 0 0 0
899 0 1 0 1 1 1 1 1 1 1 1 1 1 1 1 1 1 1 0 1
900 0 1 0 0 0 1 1 0 0 1 1 0 0 0 1 1 0 0 0 1
901 0 1 0 0 0 0 1 0 0 1 0 0 1 0 0 0 0 1 0 0
902 0 0 1 1 0 0 1 1 1 1 1 0 1 0 0 1 0 0 0 0
903 0 1 1 1 0 1 1 1 0 1 1 1 1 0 1 1 1 0 0 1
904 0 1 0 0 0 1 1 0 0 0 1 0 0 0 1 1 0 0 0 0
905 1 1 1 1 1 1 1 0 1 1 1 1 1 1 1 1 1 0 0 0
906 1 1 1 1 0 1 1 1 1 1 1 0 1 1 1 1 1 0 0 1
907 0 0 1 1 1 1 1 1 1 1 1 1 1 1 1 1 0 0 0 1
908 0 1 0 1 1 0 1 1 0 1 1 0 1 0 0 1 1 0 0 1
909 0 0 0 1 0 1 1 0 1 0 1 0 1 0 1 1 0 1 0 0
910 1 0 0 0 0 0 1 0 1 0 0 0 1 0 0 1 0 0 0 0
911 0 0 0 0 0 0 1 0 0 0 1 0 1 0 0 1 0 1 0 1
912 0 0 1 1 0 1 1 1 0 1 1 0 1 1 1 1 0 1 0 1
913 1 1 0 0 0 1 0 0 1 1 1 1 1 0 1 1 1 0 0 1
914 1 1 1 1 1 1 1 1 1 1 1 1 1 0 1 1 0 1 0 1
915 0 1 0 1 0 1 1 1 1 1 1 0 1 0 0 1 1 0 0 0
916 0 1 0 0 0 0 0 1 0 1 1 0 1 0 0 1 1 0 0 0
917 1 1 0 0 1 1 1 1 1 1 1 1 1 0 1 1 1 0 0 0
918 0 1 1 0 0 1 1 1 0 0 0 1 1 0 1 1 0 0 0 0
919 0 1 1 1 1 1 1 1 1 1 1 1 1 1 1 1 1 0 0 1
920 0 0 0 0 0 0 1 0 0 0 0 0 1 0 1 1 0 0 0 0
921 1 0 0 0 0 0 1 0 0 0 0 0 0 0 0 1 0 0 0 0
922 0 0 1 1 0 0 1 1 1 0 1 0 1 0 0 1 0 0 0 0
923 1 0 0 1 0 0 1 0 1 1 1 0 1 0 0 1 0 1 0 1
924 0 1 0 0 0 1 1 0 0 0 0 0 1 1 1 1 0 0 0 0
925 1 1 0 1 0 1 1 0 1 1 1 0 1 1 1 1 1 0 0 0
926 0 1 0 0 0 0 1 1 1 0 1 1 1 0 1 1 0 0 0 0
927 0 1 0 0 0 0 0 0 1 0 1 0 0 0 0 0 0 0 0 0
928 0 1 1 1 1 1 1 1 1 1 0 0 0 1 1 1 1 1 0 1
929 0 0 0 0 0 0 1 0 0 0 0 0 1 0 0 1 0 0 0 1
930 0 0 1 0 1 1 1 0 1 1 1 1 1 1 1 1 0 0 0 1
931 0 0 0 0 0 1 1 1 1 1 1 1 1 0 1 1 1 0 0 0
932 1 0 0 1 0 0 1 0 1 1 1 0 1 1 0 1 0 0 0 1
933 1 1 0 1 0 1 1 1 0 0 1 0 1 0 1 1 1 0 0 1
934 0 0 0 0 0 0 0 0 0 1 0 0 0 0 0 1 1 0 0 0
935 0 1 1 1 0 1 0 0 0 0 1 0 1 0 1 1 1 0 0 1
936 0 0 0 0 0 0 0 0 0 0 1 0 0 0 1 1 0 0 0 0
937 0 0 0 0 0 0 1 0 1 0 0 0 1 0 1 0 0 0 0 0
938 0 0 0 0 0 1 0 0 0 0 1 0 0 0 0 1 0 0 0 0
939 0 0 1 0 1 0 1 1 1 1 1 0 1 0 0 1 0 0 0 0
940 0 1 1 1 1 1 1 1 1 1 1 1 1 1 1 1 0 0 0 1
941 1 1 1 0 0 1 1 1 1 1 1 0 1 0 1 1 1 0 0 0
942 0 0 1 1 0 0 1 0 0 1 0 1 1 0 1 1 1 0 0 0
943 0 0 0 0 0 0 0 0 1 0 1 0 1 0 0 1 0 0 0 0
944 1 1 1 0 0 1 1 1 0 0 1 0 1 0 1 1 0 0 0 1
945 0 1 0 1 0 1 0 0 0 0 0 0 1 0 0 0 1 0 0 0
946 0 0 1 1 0 1 1 1 1 1 1 0 1 1 1 0 0 0 0 0
947 1 1 1 1 1 1 1 1 1 1 1 1 1 0 1 1 1 0 0 1
948 0 0 0 0 0 0 0 0 1 0 1 0 1 0 1 1 0 0 0 0
949 1 1 1 1 1 1 1 1 0 1 1 0 1 0 1 1 0 0 0 0
950 0 1 1 1 1 1 1 1 1 1 1 1 1 1 1 1 1 1 0 0
951 1 1 1 0 0 1 1 1 1 1 1 1 1 0 1 1 1 0 0 0
952 0 1 0 0 0 1 0 0 0 0 0 0 0 0 1 1 0 0 0 0
953 1 1 1 1 1 1 1 0 0 1 1 1 1 1 1 1 1 1 0 1
954 1 1 1 1 0 1 1 1 1 1 1 1 1 1 1 1 1 0 0 1
955 0 1 0 0 0 0 1 1 1 1 1 1 1 0 1 0 0 0 0 1
956 0 0 1 0 0 0 0 0 0 1 0 0 0 0 0 0 0 0 0 0
957 0 1 1 1 1 1 1 0 1 1 1 1 1 0 1 1 0 0 0 0
958 0 1 0 1 0 1 0 1 1 1 1 1 1 0 1 1 0 0 0 0
959 0 0 0 0 0 0 0 0 0 1 0 0 0 0 0 1 0 0 0 0
960 0 1 1 0 0 0 1 1 1 1 1 1 1 0 1 1 1 0 0 1
961 0 1 0 0 0 0 1 0 0 0 0 0 1 0 0 0 0 0 0 0
962 0 0 0 1 0 1 0 1 1 1 1 1 1 0 1 1 0 1 0 0
963 1 1 1 1 0 1 1 1 1 1 1 1 1 1 1 1 0 0 0 1
964 1 0 1 1 1 1 1 0 1 1 1 0 1 1 1 1 1 0 0 0
965 0 0 0 0 0 1 1 0 0 1 1 0 1 0 0 1 0 0 0 0
966 0 0 0 0 0 1 1 0 0 0 1 0 1 0 1 1 0 0 0 0
967 0 0 0 0 0 0 0 0 0 0 0 0 0 0 0 1 0 0 0 0
968 0 1 1 1 1 1 0 0 1 1 1 1 1 1 1 1 1 0 0 1
969 1 0 0 0 0 0 0 0 0 1 0 0 0 0 0 0 0 0 0 0
970 0 0 0 0 0 1 1 1 1 0 0 0 1 0 1 1 1 0 0 1
971 1 1 0 1 0 1 1 1 1 1 1 1 1 0 1 1 1 1 0 0
972 0 1 0 0 0 1 0 0 0 1 1 0 0 1 0 0 0 0 0 0
973 1 1 1 1 0 1 1 1 1 1 1 1 1 1 1 1 0 0 0 1
974 0 1 0 0 0 0 0 1 1 0 1 0 1 0 0 1 0 0 0 0
975 0 0 0 0 0 1 1 0 0 0 0 0 0 0 0 0 0 0 0 0
976 0 0 0 0 0 0 0 0 0 0 1 0 0 0 0 0 0 0 0 0
977 0 0 0 1 1 1 1 1 0 0 1 0 1 0 0 1 1 0 0 0
978 0 1 0 0 0 1 0 0 1 1 1 0 1 0 0 1 0 0 0 0
979 0 1 0 1 0 1 0 0 0 1 1 1 1 0 1 1 1 1 0 1
980 0 1 1 1 1 1 1 1 1 1 1 1 1 0 1 1 0 0 0 0
981 0 1 1 1 0 1 0 0 0 0 1 0 1 0 0 0 1 0 0 0
982 0 0 0 0 1 1 0 0 0 1 0 1 0 0 1 1 0 0 0 0
983 0 0 0 0 0 0 0 0 0 0 1 0 0 0 0 0 0 0 0 0
984 1 1 1 1 1 1 1 1 1 1 1 1 1 0 1 1 1 0 0 1
985 0 0 1 1 0 0 0 0 1 1 1 1 1 0 1 1 0 0 0 0
986 0 0 0 1 1 1 0 1 1 1 1 1 1 1 1 1 0 0 0 0
987 0 0 0 1 0 1 0 0 1 1 1 0 1 0 1 1 1 0 0 0
988 0 0 0 0 0 0 1 0 0 0 1 0 1 0 1 1 0 0 0 0
989 1 1 1 1 1 1 1 1 1 1 1 1 1 1 1 1 1 1 0 1
990 0 1 1 0 0 1 0 1 0 1 0 0 1 0 1 1 0 0 0 0
991 0 1 1 1 0 1 1 1 0 1 1 0 1 0 1 1 1 0 0 0
992 0 1 0 1 0 1 1 0 0 1 0 0 1 0 1 1 0 0 0 1
993 0 1 0 1 0 1 1 1 1 1 1 0 1 1 1 1 0 0 1 1
994 1 1 1 1 1 1 1 1 1 1 1 1 1 1 1 1 1 0 0 1
995 0 1 0 1 0 0 1 0 0 1 1 0 1 0 1 1 0 0 0 1
996 0 0 0 0 0 0 0 0 0 1 1 0 0 0 0 0 0 0 0 0
997 0 1 1 1 1 1 1 0 1 1 1 0 1 1 1 1 0 0 0 0
998 0 1 1 1 0 1 0 0 1 1 0 1 1 0 1 1 1 0 0 1
999 1 1 1 1 0 1 0 1 1 0 1 1 1 0 1 1 1 0 0 1
1000 0 0 1 0 0 0 1 0 1 1 0 0 1 0 1 1 0 0 0 0
