case_ID F1_1 C_2 F1_3 C_4 F1_5 C_6 F1_7 C_8 F1_9 C_10 F1_11 C_12 F1_13 C_14 F1_15 C_16 F1_17 C_18 F1_19 C_20
1 0 0 0 1 0 1 1 0 0 0 1 0 1 0 1 1 0 0 0 0
2 0 1 0 1 0 1 1 1 0 0 1 1 1 1 1 1 0 0 0 1
3 0 0 0 0 0 0 0 0 0 0 0 0 0 0 0 0 0 0 0 0
4 0 1 1 1 0 1 1 1 0 1 1 0 1 0 0 1 1 0 0 1
5 0 0 0 0 0 0 0 0 0 1 1 0 1 0 0 0 0 0 0 0
6 0 1 0 0 0 0 0 1 0 0 1 0 1 0 0 0 0 0 0 0
7 0 0 0 0 1 1 1 0 0 1 1 0 1 0 1 1 1 0 0 1
8 1 1 1 1 0 1 1 1 1 1 1 1 1 1 1 1 0 1 0 1
9 1 1 1 1 1 1 1 1 1 1 1 1 1 1 1 1 1 0 0 1
10 0 0 0 0 0 0 0 0 1 0 1 0 1 0 0 0 0 0 0 0
11 1 1 1 1 1 1 1 1 0 1 1 1 1 0 1 1 1 0 0 1
12 1 1 0 0 0 0 1 0 0 0 1 0 1 0 0 1 1 0 0 0
13 0 0 0 0 0 0 0 0 0 0 0 0 1 0 0 0 0 0 0 0
14 0 0 1 1 0 1 1 0 1 1 1 1 1 0 1 1 1 0 0 1
15 0 1 1 1 1 0 1 0 0 1 1 1 1 1 1 1 0 0 0 0
16 1 1 0 1 0 0 0 0 0 1 1 0 1 0 1 1 0 0 0 0
17 0 1 1 1 0 1 1 1 1 1 1 1 1 0 1 1 0 0 0 1
18 1 0 0 1 0 1 0 0 1 0 1 1 1 0 0 1 0 1 0 1
19 0 0 0 0 0 0 0 0 0 0 0 0 1 1 0 0 0 0 0 0
20 1 1 1 1 1 1 1 0 1 1 1 1 1 0 1 1 1 0 0 1
21 0 1 1 0 0 0 1 1 1 1 1 0 1 1 1 0 1 0 0 1
22 0 0 1 1 0 1 0 0 1 1 0 0 1 0 1 1 0 0 0 0
23 0 0 0 0 0 1 0 0 0 1 1 0 1 0 0 0 0 0 0 0
24 1 0 1 1 1 1 1 1 1 1 1 1 1 1 1 1 1 1 0 1
25 0 1 0 0 0 0 1 0 0 0 1 1 1 0 0 1 0 1 0 1
26 0 1 0 0 0 1 1 0 0 1 1 0 1 0 0 1 0 0 0 0
27 0 1 0 1 0 1 1 1 1 1 1 0 1 0 1 1 0 0 0 0
28 0 1 0 0 0 1 1 1 1 1 1 0 1 0 0 1 0 0 0 0
29 1 1 1 1 1 1 1 1 1 1 1 1 1 1 1 1 0 0 0 1
30 0 0 0 1 0 0 0 0 0 0 1 0 1 0 1 0 1 0 0 0
31 0 0 0 0 0 0 0 0 0 0 0 0 1 0 0 1 0 0 0 0
32 0 0 0 0 0 0 1 0 0 1 0 0 1 0 1 1 0 0 0 0
33 0 0 0 0 0 0 0 0 0 0 1 0 1 0 0 1 0 0 0 0
34 0 1 0 0 1 1 1 1 1 1 1 0 1 1 1 1 1 1 0 1
35 0 0 0 1 0 1 0 0 0 0 0 0 1 0 1 1 0 0 0 0
36 0 0 1 0 1 1 1 0 0 1 0 1 1 0 1 1 1 0 0 1
37 0 0 0 0 0 0 0 0 0 0 0 0 0 0 0 0 0 0 0 0
38 0 0 0 0 0 0 0 0 0 0 0 0 0 0 0 0 0 1 0 0
39 0 1 0 1 0 0 0 1 1 1 1 0 1 1 0 1 1 0 0 0
40 0 0 0 0 0 0 0 0 0 0 0 0 0 0 0 0 0 0 0 0
41 0 0 0 0 0 0 1 0 0 0 0 0 1 0 0 0 0 0 0 0
42 1 1 1 1 1 1 1 1 1 1 1 1 1 1 1 1 1 1 0 1
43 0 1 0 0 0 0 1 1 0 1 1 0 1 0 1 0 1 1 0 1
44 1 1 1 1 1 1 1 1 0 1 1 1 1 1 1 0 1 1 0 1
45 0 0 0 0 0 1 1 0 1 0 0 0 1 0 1 1 0 0 0 0
46 0 0 0 0 0 0 0 0 0 0 0 0 1 0 1 1 0 0 0 0
47 0 0 0 1 0 1 1 1 1 1 1 0 1 1 0 1 0 1 0 0
48 0 0 0 0 1 1 1 0 0 1 0 0 0 0 0 0 0 0 0 0
49 0 1 0 0 0 0 0 0 0 1 1 0 1 0 0 0 0 0 0 0
50 1 0 0 1 0 1 0 1 1 1 1 0 1 0 0 0 0 0 0 1
51 1 1 1 1 1 1 1 1 1 1 1 1 1 1 1 1 1 1 0 1
52 0 1 1 0 0 1 1 1 0 0 1 1 1 0 1 1 1 0 0 0
53 0 1 1 0 0 1 1 0 1 1 0 0 1 0 1 1 0 0 0 0
54 0 1 0 0 0 0 0 0 0 0 0 0 0 0 0 0 0 0 0 0
55 0 0 0 0 0 0 0 0 0 0 0 0 1 0 0 1 0 0 0 0
56 0 1 1 1 1 0 1 1 0 1 0 1 1 0 1 1 0 0 0 0
57 0 1 1 1 1 1 1 0 1 1 1 1 1 0 1 1 0 0 0 0
58 0 0 0 0 1 0 0 0 0 1 0 0 0 0 0 1 0 0 0 0
59 0 0 0 0 0 1 0 0 0 1 1 0 1 1 1 0 1 0 0 0
60 0 0 1 0 0 1 1 0 0 0 0 0 1 0 0 1 0 0 0 0
61 0 0 0 1 0 0 1 1 1 1 1 0 1 0 1 1 0 0 0 1
62 0 0 0 0 0 1 0 1 0 0 1 0 1 0 0 1 1 0 0 0
63 1 1 1 0 0 1 1 0 0 1 1 1 1 1 1 1 1 0 0 1
64 0 0 0 0 0 0 0 0 0 0 1 0 0 0 0 1 0 0 0 0
65 0 1 0 0 0 0 1 0 0 0 0 0 0 0 0 0 0 0 0 0
66 0 0 1 1 0 0 1 1 1 1 1 0 1 0 0 1 0 0 0 1
67 0 1 0 0 1 1 0 0 0 1 1 1 1 0 0 1 0 0 0 0
68 0 0 0 0 1 0 0 0 0 0 0 0 1 0 0 1 0 0 0 0
69 0 1 0 0 0 0 1 0 1 0 1 0 0 0 1 1 0 0 0 0
70 0 0 1 0 0 0 1 0 1 0 1 1 1 0 0 1 1 0 0 1
71 0 0 0 1 0 1 1 1 0 1 0 1 1 0 1 1 1 0 0 0
72 1 1 1 1 0 1 1 1 0 1 0 1 1 0 0 1 0 0 0 1
73 1 0 0 0 0 1 1 1 1 1 1 0 1 1 1 1 1 1 0 1
74 0 1 0 1 0 0 1 0 0 1 1 1 1 0 1 1 0 0 0 0
75 0 1 1 1 1 1 1 0 1 1 1 1 1 0 1 1 1 0 0 1
76 0 1 0 1 0 0 1 0 1 0 0 0 1 0 0 1 1 0 0 0
77 0 1 0 0 0 0 0 0 0 0 0 0 1 0 0 1 0 0 0 0
78 1 0 1 0 1 1 1 1 1 1 1 0 1 0 0 0 0 0 0 1
79 0 0 0 1 1 1 0 1 0 1 1 0 1 1 1 1 0 1 0 0
80 0 1 0 1 0 0 1 0 0 1 1 0 1 0 1 1 0 1 0 0
81 0 0 0 1 1 0 1 1 0 1 1 0 1 0 0 0 1 0 0 0
82 0 1 0 1 0 1 1 0 0 1 1 1 1 0 1 1 0 0 0 1
83 0 1 1 0 0 1 1 1 1 1 1 1 1 0 1 1 0 0 0 0
84 1 1 1 0 0 1 1 1 1 1 1 1 1 0 0 0 0 0 0 0
85 1 1 1 1 1 1 1 1 1 1 1 1 1 0 1 1 1 1 0 0
86 0 0 0 1 0 1 1 0 0 1 1 1 0 0 1 0 0 0 0 1
87 0 1 1 1 0 1 1 0 0 1 1 1 1 1 1 1 0 0 0 0
88 0 1 1 0 1 0 1 0 0 1 0 0 1 0 0 1 0 0 0 0
89 0 1 0 0 0 0 0 1 0 1 1 0 1 0 0 0 0 0 0 0
90 0 0 0 0 0 1 1 0 0 1 0 1 1 0 1 0 0 0 0 1
91 0 1 1 0 1 0 1 0 0 1 0 1 1 0 1 1 0 0 0 1
92 1 1 1 1 1 1 1 0 1 1 1 1 1 0 1 1 1 1 0 1
93 0 0 0 0 0 0 0 0 0 0 0 0 1 0 0 0 0 0 0 0
94 1 0 0 1 0 1 1 0 1 1 1 1 1 1 1 1 1 0 0 1
95 0 0 0 1 0 0 0 0 0 0 0 0 1 0 0 0 0 0 0 0
96 0 0 0 0 0 0 0 0 1 0 1 0 1 0 1 1 0 0 0 0
97 0 0 0 0 1 0 0 1 1 1 0 0 0 0 1 0 0 0 0 0
98 1 1 1 1 1 1 1 1 1 1 1 1 1 1 1 1 0 1 0 1
99 0 0 0 0 0 0 0 0 0 0 1 0 1 0 1 1 0 0 0 1
100 0 1 0 0 0 1 1 1 1 0 1 1 1 1 0 1 0 0 0 0
101 0 0 1 0 0 1 1 1 0 1 1 0 1 0 1 1 0 0 0 0
102 0 1 0 0 0 1 1 0 0 1 1 0 1 0 1 0 0 0 0 0
103 1 0 0 0 0 0 1 0 1 0 1 0 1 1 0 1 0 0 0 0
104 1 1 1 1 0 1 0 1 1 1 1 1 1 1 1 1 1 0 0 1
105 0 0 0 0 0 0 0 0 0 0 0 0 0 0 0 1 0 0 0 0
106 0 1 0 0 0 0 0 0 1 1 0 0 0 0 0 1 0 0 0 0
107 0 1 1 0 1 0 1 1 1 0 1 0 0 1 1 1 0 0 0 0
108 0 0 1 1 0 0 1 0 0 1 0 0 1 0 1 1 0 0 0 0
109 1 1 1 1 0 1 1 1 0 1 1 1 1 0 1 1 1 0 0 0
110 0 0 0 0 0 1 1 1 1 1 1 0 1 0 1 1 0 1 0 0
111 1 1 1 1 0 1 1 1 1 1 0 1 0 1 0 1 1 0 0 1
112 0 1 1 0 0 1 0 0 0 1 1 0 1 0 0 1 0 0 0 0
113 0 0 0 0 0 0 0 0 1 1 1 0 0 0 0 0 0 0 0 0
114 0 1 0 0 0 1 0 1 0 0 0 1 1 0 1 1 0 0 0 1
115 0 0 0 1 0 1 0 0 1 1 0 0 0 0 1 0 0 0 0 0
116 1 1 0 0 0 0 0 0 1 1 0 0 1 0 1 1 0 0 0 1
117 1 1 1 1 0 1 1 1 1 1 1 1 1 1 1 1 1 0 0 1
118 0 0 0 0 0 0 0 0 0 0 0 0 1 0 1 0 0 0 0 0
119 0 1 0 0 0 1 1 1 0 0 0 1 0 0 0 1 1 0 0 0
120 0 1 0 0 1 1 1 0 1 1 1 0 1 0 1 1 0 1 0 1
121 1 1 1 1 1 1 1 1 1 1 1 1 1 1 1 1 1 1 0 1
122 0 0 0 0 0 0 0 0 0 0 0 0 0 0 0 0 0 0 0 0
123 1 1 0 0 0 0 1 0 1 1 1 1 1 1 1 1 1 0 0 1
124 0 0 0 0 0 0 0 0 0 0 0 0 0 0 0 0 0 0 0 0
125 0 1 0 0 0 1 1 0 0 0 0 1 1 0 0 1 0 0 0 1
126 1 1 1 1 1 1 1 1 1 1 1 1 1 1 1 1 0 0 0 1
127 0 1 0 1 1 1 1 1 0 0 1 1 1 0 1 1 1 0 0 0
128 0 1 0 0 0 0 1 0 0 0 1 0 1 0 1 1 0 0 0 0
129 1 0 0 1 0 0 0 0 1 1 0 0 0 0 1 1 0 0 0 0
130 0 0 0 0 0 0 0 0 0 1 0 0 1 0 0 0 0 0 0 0
131 0 0 0 1 0 0 1 0 1 1 1 1 1 0 1 1 1 0 0 0
132 1 1 1 0 0 1 1 1 1 1 1 1 1 0 1 1 0 0 0 1
133 0 0 0 0 0 1 0 0 1 0 0 0 1 0 1 1 0 0 0 0
134 0 0 0 0 0 0 0 0 0 0 0 0 0 0 0 0 0 0 0 0
135 0 0 1 1 0 0 0 0 0 1 1 0 1 0 1 1 1 0 0 0
136 0 1 0 0 0 1 0 0 0 0 1 0 1 0 0 1 0 0 0 0
137 0 0 0 0 0 0 1 0 0 0 1 0 0 0 1 0 0 0 0 0
138 0 1 1 1 0 0 1 0 0 1 1 1 1 0 0 1 1 0 0 0
139 0 1 0 0 1 1 1 0 1 1 1 0 1 0 1 0 0 0 0 0
140 0 1 0 1 0 0 1 0 0 1 0 0 1 0 0 0 0 0 0 0
141 0 0 0 0 0 0 1 0 0 0 0 0 0 0 0 1 0 0 0 1
142 0 1 1 0 1 1 1 1 1 1 1 1 1 1 1 1 0 0 1 1
143 1 1 0 0 0 1 0 0 1 1 1 0 1 0 1 1 1 0 0 0
144 0 0 0 0 0 0 0 0 0 0 0 0 0 0 0 0 0 0 0 0
145 0 0 0 0 0 1 1 0 0 1 1 0 1 0 1 1 0 0 0 0
146 0 0 0 0 0 1 0 0 0 1 0 0 0 0 0 1 0 0 0 0
147 0 1 0 0 0 0 0 0 0 0 1 0 1 0 1 1 0 0 0 0
148 0 1 0 0 0 1 1 0 0 1 1 0 1 0 1 1 0 1 0 0
149 0 0 1 1 1 1 1 1 1 1 1 1 1 1 1 1 1 1 0 1
150 0 1 1 1 0 1 1 1 1 1 1 1 1 0 1 1 1 1 0 1
151 0 1 0 0 0 1 1 0 0 0 1 0 1 0 0 1 0 0 0 0
152 0 0 0 0 0 1 0 0 0 0 1 0 1 0 1 1 0 0 0 0
153 0 1 1 0 1 0 1 1 1 1 1 0 1 0 0 1 1 0 0 1
154 0 1 1 1 1 1 1 1 1 1 1 1 1 1 1 1 1 1 0 0
155 0 1 1 1 0 1 1 1 1 1 1 1 1 0 1 1 1 0 0 1
156 0 0 1 1 0 1 0 0 1 1 1 0 1 0 0 1 0 0 0 0
157 1 1 1 1 1 1 1 1 1 1 1 1 1 1 1 1 1 1 0 1
158 0 0 0 0 0 1 0 0 1 1 1 0 0 0 0 1 0 0 0 0
159 0 0 0 0 0 0 0 0 0 0 1 0 1 0 0 1 0 0 0 0
160 1 1 0 0 0 0 0 0 1 1 0 0 1 0 0 1 0 0 0 0
161 0 1 1 1 0 1 1 1 1 1 1 1 1 0 1 1 1 0 0 0
162 0 1 0 1 0 0 0 0 1 1 1 0 1 0 0 1 0 0 0 0
163 1 1 1 0 0 1 1 0 1 1 0 1 1 0 0 0 0 0 0 0
164 1 1 1 1 1 1 1 1 0 1 1 1 1 1 1 1 1 0 0 1
165 0 1 0 1 0 1 0 1 0 1 1 0 1 0 1 0 0 1 0 0
166 1 1 1 1 1 1 1 1 1 1 1 1 1 1 1 1 1 0 1 1
167 0 1 0 1 0 0 1 0 0 0 0 0 1 0 1 1 0 0 0 0
168 0 1 1 1 0 1 1 1 1 1 1 0 0 0 0 1 0 0 0 0
169 1 0 1 1 1 1 1 1 1 1 1 1 1 1 1 1 1 0 0 1
170 0 0 0 0 0 1 1 0 0 0 0 0 1 0 0 1 1 0 0 0
171 0 0 0 1 0 0 0 0 1 0 0 0 0 0 1 1 1 0 0 0
172 0 0 0 0 0 0 1 0 0 0 0 0 0 0 0 0 0 0 0 0
173 1 1 0 0 1 1 1 1 1 1 1 0 1 1 1 1 0 1 0 0
174 0 1 0 0 0 1 1 0 0 0 0 0 1 0 0 0 0 0 0 1
175 0 0 0 1 0 0 0 0 1 0 0 0 1 0 0 1 0 0 0 0
176 0 0 0 0 0 0 0 0 0 1 0 0 1 0 1 0 1 0 0 0
177 1 1 1 1 1 1 1 0 1 1 1 1 1 1 1 1 0 0 0 0
178 0 0 0 0 0 1 0 0 1 0 0 0 1 0 0 0 0 0 0 1
179 0 0 0 0 0 0 0 0 0 0 0 0 0 0 0 0 0 0 0 0
180 1 1 1 1 1 1 1 1 0 1 1 0 1 0 1 1 1 1 0 1
181 1 1 1 1 0 1 1 1 1 1 1 1 1 0 1 1 0 0 0 1
182 1 1 1 1 1 1 1 0 1 1 0 1 1 0 1 1 0 1 0 1
183 0 1 0 0 0 0 0 0 1 1 1 0 1 0 0 0 0 0 0 0
184 1 1 1 1 1 1 1 1 1 1 1 1 1 1 1 1 1 0 0 1
185 0 1 0 0 0 0 0 0 0 0 1 0 0 0 0 0 0 0 0 0
186 1 1 1 1 1 1 1 1 1 1 1 1 1 1 1 1 1 1 0 1
187 0 0 0 1 0 0 0 0 1 1 1 1 1 0 1 1 0 0 0 0
188 0 0 0 1 0 0 0 0 0 0 0 0 1 0 0 0 0 0 0 0
189 1 1 1 1 0 1 1 1 1 1 1 1 1 0 1 1 1 0 0 1
190 1 1 1 0 1 1 1 1 0 1 1 1 1 1 1 1 0 0 0 1
191 0 1 0 1 1 1 1 0 0 1 0 1 1 0 0 1 0 0 0 0
192 0 1 0 1 0 1 1 0 0 0 1 0 1 1 1 1 0 0 0 1
193 1 1 0 1 1 1 0 0 0 1 1 1 1 1 1 1 0 0 0 1
194 1 1 1 1 0 0 1 1 1 1 1 0 1 0 0 1 0 1 0 0
195 1 1 1 0 0 1 1 1 1 0 1 1 1 1 1 1 0 0 0 1
196 1 1 1 1 1 1 1 1 1 1 1 1 1 1 1 1 0 0 0 1
197 0 0 0 0 0 0 1 0 0 0 0 0 1 0 1 0 0 0 0 0
198 1 1 0 1 0 1 1 1 1 1 1 0 1 1 1 1 1 1 0 1
199 0 1 0 0 1 1 1 0 1 1 1 0 0 0 0 1 0 0 0 0
200 1 1 0 0 0 1 1 0 1 1 1 1 1 0 0 1 0 0 0 0
201 0 1 0 0 0 1 0 0 1 0 0 0 0 0 0 0 0 0 0 0
202 1 1 1 1 1 1 1 1 1 1 1 1 1 0 1 1 0 0 0 1
203 0 1 0 1 0 0 1 0 1 1 0 0 1 0 1 1 0 0 0 0
204 0 0 0 1 0 0 0 1 1 1 0 0 1 0 0 1 0 0 0 0
205 0 1 0 0 0 0 0 0 0 1 0 0 1 0 0 0 0 0 0 0
206 1 1 1 1 1 1 1 1 1 1 1 0 1 0 1 1 1 0 0 1
207 0 0 1 0 1 0 1 1 0 1 1 0 1 0 1 1 0 0 0 0
208 0 0 1 0 0 0 0 1 0 1 0 0 0 0 1 0 0 0 0 0
209 0 0 0 1 0 0 1 0 1 0 0 0 0 0 0 0 0 0 0 0
210 0 1 1 1 0 1 1 1 1 1 1 1 1 1 1 1 1 0 0 0
211 0 0 1 1 0 1 1 1 1 1 1 1 1 0 1 1 0 0 0 0
212 0 0 0 1 0 1 1 1 1 1 1 1 1 1 1 1 0 0 0 1
213 0 1 0 0 0 0 0 1 0 0 1 0 1 0 0 1 0 0 0 0
214 1 1 1 1 1 1 1 1 1 1 1 1 1 1 1 1 1 1 0 1
215 0 1 1 0 0 0 1 1 1 0 1 0 1 1 1 1 0 0 0 0
216 1 1 0 0 0 1 1 0 0 1 0 1 1 0 0 1 1 0 0 0
217 0 0 0 0 0 0 0 0 0 1 1 0 1 0 0 1 1 0 0 0
218 0 0 0 0 0 1 0 0 0 0 0 0 1 0 0 0 0 0 0 0
219 0 0 1 0 1 0 0 0 1 1 1 1 1 1 0 1 0 0 0 0
220 1 1 0 0 0 0 1 0 1 0 1 1 1 0 0 1 0 1 0 1
221 0 0 0 0 0 0 0 0 0 0 0 0 1 0 0 1 0 0 0 0
222 0 1 1 1 1 1 1 0 0 1 1 1 1 0 1 1 0 1 0 0
223 0 0 0 0 0 0 0 0 1 1 0 0 0 0 0 1 0 0 0 0
224 0 1 1 1 0 1 1 0 1 0 1 0 1 0 1 1 0 0 0 0
225 0 1 0 1 0 1 1 0 1 1 0 0 0 1 1 1 0 0 0 1
226 0 0 0 0 0 1 0 0 0 0 1 0 0 0 0 0 0 0 0 0
227 0 1 0 0 1 0 1 0 1 1 1 0 1 1 1 1 1 0 0 0
228 0 0 1 0 0 0 0 0 0 1 1 0 1 0 0 0 0 0 0 0
229 0 1 0 1 0 1 1 0 1 0 1 1 1 0 1 1 0 0 0 1
230 0 0 0 0 0 1 1 0 0 1 1 0 1 0 1 1 0 0 0 0
231 1 0 0 0 0 0 0 0 0 1 1 0 1 1 0 1 0 0 0 0
232 0 1 0 1 0 0 0 0 0 0 1 0 1 0 1 1 0 0 0 0
233 0 1 1 0 0 1 1 0 1 1 1 0 1 0 0 1 0 0 0 1
234 0 1 1 0 1 1 1 0 0 1 1 1 1 0 1 1 0 0 0 0
235 0 0 0 0 0 0 0 0 0 1 1 0 0 0 0 1 1 0 0 0
236 1 0 1 1 1 1 1 1 1 1 1 1 1 1 1 1 1 0 0 0
237 0 0 0 0 0 0 0 0 0 0 0 0 0 0 0 0 0 0 0 0
238 0 0 0 0 0 0 1 0 0 1 1 0 1 0 0 0 0 0 0 0
239 0 1 1 1 0 1 1 1 0 1 1 0 1 0 1 1 0 0 0 1
240 1 0 0 0 0 0 0 0 0 0 0 0 1 0 0 1 1 0 0 0
241 0 0 1 1 0 0 0 0 1 1 1 1 0 0 0 0 0 0 0 0
242 0 0 0 1 0 0 1 1 0 0 1 0 1 1 1 1 0 0 0 0
243 1 1 1 0 1 1 1 1 1 1 1 1 0 1 1 1 0 0 0 0
244 0 0 0 0 0 0 0 0 0 0 0 0 0 0 0 0 0 0 0 0
245 0 1 0 0 0 0 0 0 0 0 0 0 1 0 1 0 0 0 0 0
246 0 1 1 1 1 1 1 1 1 0 1 1 1 0 1 1 1 0 0 1
247 0 0 0 0 0 0 0 0 0 0 0 0 1 0 0 0 0 0 0 0
248 0 0 0 0 0 0 1 0 1 0 0 0 1 0 0 1 0 0 0 0
249 1 1 0 0 1 1 0 0 1 1 1 0 1 0 1 1 0 0 0 1
250 0 1 1 1 1 1 1 1 1 1 1 1 1 1 1 1 1 1 0 0
251 0 0 1 1 0 1 1 1 1 1 1 1 1 1 1 1 1 0 0 0
252 0 1 1 1 0 1 1 1 0 1 1 1 1 0 1 1 0 0 0 0
253 0 0 0 0 0 0 1 0 1 0 1 0 1 0 0 1 0 0 0 1
254 0 1 0 0 1 1 1 1 1 1 1 1 1 1 1 1 0 0 0 1
255 0 1 1 1 0 1 0 0 1 1 1 0 1 0 1 1 1 0 0 0
256 0 0 1 1 0 1 1 0 1 0 0 0 1 0 0 0 1 0 0 0
257 1 1 1 1 1 1 1 1 1 1 1 1 1 1 1 1 1 0 0 1
258 0 1 0 0 0 1 1 1 1 1 1 1 1 0 0 1 0 0 0 0
259 0 0 1 0 0 1 1 0 0 0 1 1 1 0 0 1 0 0 0 1
260 0 0 0 0 0 0 0 0 0 0 0 0 1 0 0 0 0 0 0 0
261 0 1 1 0 0 1 1 1 1 1 1 1 1 0 1 0 0 0 0 0
262 0 0 0 0 0 1 1 0 0 0 0 0 0 0 1 0 0 0 0 0
263 0 0 0 1 0 0 0 0 0 0 0 0 1 0 1 0 0 0 0 0
264 0 0 0 0 0 1 0 0 1 1 0 0 1 0 0 1 0 0 0 0
265 1 0 0 0 0 0 0 0 1 1 0 0 0 0 0 0 0 0 0 0
266 1 1 1 0 1 0 0 0 1 0 0 0 1 0 1 1 0 0 0 0
267 1 1 1 1 1 1 1 1 1 1 1 1 1 0 1 1 0 1 0 1
268 1 0 0 0 0 0 0 0 1 0 0 0 0 0 1 0 0 0 0 0
269 0 1 1 1 0 1 1 0 0 1 1 1 1 1 1 1 0 0 0 0
270 0 0 0 0 0 0 0 0 1 0 0 0 0 0 0 0 0 0 0 0
271 1 1 0 0 0 0 0 0 0 0 1 0 1 1 1 1 0 0 0 0
272 0 0 0 0 0 0 0 0 1 0 1 0 0 0 0 1 0 0 0 0
273 0 0 0 1 0 1 1 0 0 0 1 0 1 0 0 0 0 1 0 0
274 0 1 0 1 0 1 1 0 1 0 1 1 1 1 1 1 0 0 0 0
275 0 0 0 0 0 1 0 0 0 0 1 0 1 0 0 0 0 0 0 0
276 0 1 0 0 0 0 0 0 0 1 1 0 0 0 0 1 0 0 0 0
277 0 0 0 0 0 0 0 0 0 0 0 0 0 0 0 0 0 0 0 0
278 1 1 1 1 1 1 1 1 1 1 1 1 1 1 1 1 1 1 1 1
279 1 1 1 1 0 1 1 1 1 1 1 0 1 1 1 1 1 0 0 0
280 0 0 0 0 0 1 0 0 0 0 1 0 1 0 1 1 0 0 0 0
281 0 0 0 0 0 0 0 0 0 0 0 0 0 0 0 0 0 0 0 1
282 0 1 0 1 0 1 1 1 1 1 1 1 1 1 1 1 0 0 0 1
283 0 0 0 0 0 0 0 0 0 0 0 0 0 0 0 0 0 0 0 0
284 0 1 0 0 0 1 0 0 0 0 0 0 1 0 0 0 0 0 0 0
285 0 0 0 0 0 1 0 0 0 0 0 0 1 0 0 0 0 0 0 0
286 0 0 0 0 0 0 0 0 0 0 0 0 0 0 0 0 0 0 0 0
287 0 0 0 0 0 0 0 0 0 1 1 0 0 0 0 0 0 0 0 0
288 0 1 1 1 0 1 1 1 1 1 0 1 1 0 0 0 0 0 0 0
289 0 1 1 1 1 1 1 1 1 1 1 1 1 0 1 1 1 1 1 1
290 0 1 1 1 1 1 0 1 1 1 1 1 1 0 1 1 1 0 0 1
291 1 1 1 1 1 1 1 1 1 1 1 1 1 1 1 1 1 1 1 1
292 0 1 0 0 0 0 1 0 0 0 0 0 1 0 1 1 0 0 0 0
293 1 1 1 1 1 1 1 1 1 1 1 1 1 1 0 1 1 0 0 1
294 1 1 1 1 1 1 1 1 1 1 1 1 1 0 1 1 1 1 0 1
295 0 1 0 0 0 0 1 0 1 0 1 0 0 0 1 0 0 0 0 0
296 0 1 0 0 0 0 1 1 0 1 1 0 1 0 0 1 0 0 0 0
297 0 0 0 0 0 0 0 0 0 0 0 0 1 0 0 1 0 0 0 0
298 0 0 0 0 0 0 1 0 0 0 1 0 1 0 0 1 0 0 0 0
299 0 1 0 0 0 0 0 0 0 0 1 0 1 0 1 1 0 0 0 0
300 0 0 0 0 0 0 0 0 0 0 0 0 0 0 0 0 0 0 0 0
301 0 0 0 0 0 1 1 0 1 0 1 0 0 0 0 1 0 0 0 0
302 0 1 0 0 0 0 0 0 0 1 0 0 0 0 0 1 1 0 0 0
303 1 1 1 1 1 1 1 1 1 1 1 1 1 1 1 1 1 0 0 1
304 0 0 0 0 0 0 1 0 1 0 0 0 0 0 0 0 0 0 0 0
305 1 1 1 1 1 1 1 1 1 1 1 1 1 1 1 1 1 1 0 1
306 0 0 1 0 0 0 1 0 0 1 1 0 1 0 0 1 1 0 0 0
307 0 0 0 0 0 0 0 0 0 0 1 0 0 0 0 1 0 0 0 0
308 0 0 0 0 0 0 1 1 0 0 1 0 1 0 0 1 0 0 0 0
309 0 1 1 1 0 1 1 0 1 0 1 1 1 0 1 1 1 0 0 1
310 1 1 1 1 0 1 0 1 0 1 1 1 1 1 1 1 1 0 0 0
311 0 0 0 0 0 1 1 0 0 1 0 0 1 0 0 0 0 0 0 0
312 1 1 1 1 0 0 1 1 1 1 1 1 1 1 1 1 1 1 0 0
313 0 0 0 0 0 0 1 0 0 0 0 0 1 0 0 0 0 0 0 0
314 0 1 1 1 1 1 1 1 1 1 1 1 1 0 1 1 0 0 0 0
315 0 0 0 0 0 1 1 0 0 0 1 0 1 0 1 0 0 0 0 0
316 1 1 1 1 1 1 1 1 1 1 1 1 1 1 1 1 0 1 0 1
317 1 1 1 1 1 1 1 1 1 1 1 0 1 1 1 1 1 0 0 1
318 0 1 0 1 0 0 0 0 1 1 0 1 1 0 1 1 0 0 0 1
319 0 0 0 0 0 0 0 0 0 0 0 0 0 0 0 0 0 0 0 0
320 0 0 1 0 0 0 1 0 1 0 1 0 1 0 0 1 1 0 0 0
321 0 0 0 0 0 1 0 0 0 0 0 0 0 0 0 1 0 0 0 0
322 0 0 0 0 0 0 1 0 0 0 0 0 1 0 0 0 0 0 0 0
323 0 0 0 1 0 1 1 0 0 1 1 0 1 0 0 0 0 0 0 0
324 0 1 1 1 0 1 1 0 1 0 1 0 1 1 1 1 0 0 0 1
325 0 0 0 0 0 1 0 0 0 1 0 0 1 0 1 1 1 0 0 0
326 0 0 0 1 0 0 0 0 0 0 0 0 1 1 0 1 1 0 0 0
327 0 0 0 0 1 0 0 1 1 0 0 0 0 0 0 1 0 0 0 0
328 0 1 0 1 0 0 1 0 1 1 1 0 0 0 1 1 0 0 0 0
329 1 0 0 1 1 1 1 1 1 1 0 0 1 0 1 0 0 0 0 1
330 1 0 0 0 0 0 1 0 0 0 1 0 1 0 1 1 0 0 0 0
331 1 0 0 1 0 0 1 0 0 0 1 0 1 1 1 1 0 0 0 0
332 1 1 1 1 1 1 1 1 1 1 1 1 1 1 1 1 1 0 0 1
333 0 1 1 0 1 0 0 1 0 1 0 0 0 0 1 1 0 0 0 0
334 0 1 1 1 1 1 1 1 1 1 1 0 1 1 1 1 1 0 0 1
335 0 0 1 1 0 1 0 1 1 0 1 1 1 1 1 1 1 1 0 1
336 0 0 0 0 0 0 0 0 1 1 0 0 1 0 1 1 0 0 0 0
337 0 0 1 0 0 0 1 0 0 1 0 0 1 0 1 1 0 0 0 0
338 0 0 0 1 0 0 1 0 0 0 1 0 1 0 1 1 0 0 0 0
339 0 0 0 1 0 1 1 0 0 1 1 0 1 1 0 1 0 0 0 0
340 0 1 1 1 0 1 0 0 0 0 0 0 0 0 1 0 0 0 0 0
341 0 1 0 1 1 1 1 1 1 1 0 0 1 1 1 1 1 1 0 1
342 1 1 0 0 0 0 1 0 1 0 1 0 1 0 1 1 0 0 0 0
343 0 1 0 0 0 0 0 0 0 0 0 0 1 0 0 0 0 0 0 0
344 0 0 0 0 0 0 0 0 0 0 1 0 1 0 0 0 0 0 0 0
345 0 1 0 1 0 0 0 0 0 1 1 0 1 0 0 1 0 0 0 0
346 0 0 0 0 0 0 1 0 0 0 0 0 0 0 0 0 0 0 0 0
347 0 0 0 0 0 0 0 0 0 1 1 0 0 0 0 1 0 0 0 0
348 0 1 0 0 0 0 1 0 0 0 0 0 1 0 1 1 0 0 0 0
349 0 0 0 0 0 0 0 0 0 0 0 0 0 0 0 0 0 0 0 0
350 0 1 0 0 0 1 0 0 1 1 1 0 0 1 1 0 1 0 0 0
351 0 0 0 0 0 0 0 0 0 0 0 0 1 0 0 1 0 0 0 0
352 0 0 0 0 0 0 1 0 0 1 0 0 0 0 0 1 0 0 0 0
353 0 0 0 0 0 0 0 0 0 0 0 0 0 0 0 0 0 0 0 0
354 0 0 0 1 0 0 1 0 1 0 0 0 1 0 0 0 1 0 0 0
355 0 1 0 0 0 0 0 0 0 0 1 0 1 0 0 0 0 1 0 0
356 0 0 0 1 0 1 0 0 0 0 0 0 0 0 1 1 0 0 0 0
357 0 0 0 1 1 1 1 0 0 1 1 1 1 1 1 1 0 0 0 1
358 0 1 1 1 1 1 1 1 1 1 1 1 1 0 1 1 0 0 0 1
359 0 0 0 0 0 0 1 0 0 0 1 0 1 0 0 1 0 0 0 0
360 1 0 0 0 0 0 0 0 0 0 0 0 0 0 0 0 0 0 0 0
361 1 1 1 1 1 1 1 1 1 1 1 1 1 1 1 1 1 1 0 1
362 1 1 1 0 0 1 1 0 0 1 1 1 1 0 1 1 0 0 0 1
363 0 1 1 1 0 1 1 0 1 0 1 0 1 0 1 1 0 0 0 1
364 0 1 1 0 0 0 1 1 0 1 1 0 1 1 1 1 0 0 0 0
365 1 1 1 1 0 1 1 1 0 1 1 0 1 1 1 1 1 0 0 1
366 0 0 0 0 0 0 1 0 0 0 1 0 0 0 0 1 0 0 0 0
367 0 0 0 0 0 0 0 0 0 0 0 0 1 0 0 1 1 0 0 1
368 0 1 0 0 0 1 0 0 1 0 1 0 0 0 0 0 0 0 0 0
369 0 0 0 0 0 0 0 0 0 0 0 0 0 0 0 0 0 0 0 0
370 0 0 0 1 0 1 1 1 1 1 0 0 1 0 1 0 0 0 0 0
371 0 0 0 0 0 0 1 0 0 0 1 1 0 0 1 0 0 0 0 0
372 0 0 0 0 0 0 1 0 0 0 1 0 0 0 0 1 0 0 0 0
373 0 1 0 0 0 0 0 0 0 1 1 0 0 0 0 0 0 0 0 0
374 0 0 0 0 0 0 1 0 0 0 1 0 1 0 1 1 0 0 0 0
375 0 0 0 1 0 1 0 0 0 1 0 0 1 0 0 1 0 0 0 0
376 0 0 0 0 0 1 1 0 0 1 1 0 1 0 1 1 0 0 0 1
377 0 0 0 0 0 0 1 0 0 0 1 0 1 0 0 0 0 0 0 1
378 1 0 0 0 0 1 1 0 1 0 0 0 1 0 1 0 0 0 0 0
379 0 0 0 1 0 0 1 0 0 0 1 0 1 0 1 1 0 0 0 0
380 0 1 1 1 0 1 1 1 1 1 1 0 1 0 1 1 0 1 0 0
381 0 1 1 1 1 1 1 0 1 1 1 1 1 1 1 1 0 0 0 0
382 0 1 1 1 1 1 1 1 1 1 1 1 1 0 1 1 0 0 0 1
383 1 0 0 0 1 1 1 0 0 0 1 0 0 1 1 0 1 0 0 0
384 0 0 0 0 0 0 1 0 1 0 1 0 0 0 0 0 1 0 0 0
385 1 1 1 1 1 1 1 1 1 1 1 1 1 1 1 1 1 1 0 1
386 1 1 1 1 1 1 1 1 0 1 1 1 1 1 1 1 1 1 0 1
387 1 1 0 1 1 1 1 1 1 1 1 1 1 1 1 1 1 0 0 1
388 1 1 1 1 0 1 1 1 0 1 1 1 1 1 1 1 0 0 0 1
389 0 0 0 0 0 0 0 0 0 0 0 0 1 0 0 1 0 0 0 0
390 0 1 0 0 0 0 1 0 0 0 1 0 1 0 0 1 0 1 0 1
391 1 1 1 1 1 1 1 1 1 1 1 1 1 1 1 1 1 1 0 1
392 1 1 1 1 1 1 1 1 1 1 1 1 1 0 1 1 1 0 0 1
393 0 0 0 0 0 0 0 0 0 0 0 0 0 0 0 0 0 0 0 0
394 1 1 1 1 1 1 1 1 1 1 1 1 1 1 1 1 1 1 1 1
395 0 0 1 0 0 0 1 1 1 0 1 0 1 0 1 1 0 0 0 1
396 0 0 0 0 0 1 0 0 0 0 1 0 1 0 0 0 0 0 0 0
397 0 0 0 0 0 1 1 0 0 0 1 1 1 0 0 0 0 0 0 0
398 0 1 0 0 0 1 1 0 0 0 0 0 1 0 1 0 1 0 0 0
399 0 0 0 0 0 0 0 0 0 0 0 0 1 0 0 0 0 0 0 1
400 0 1 1 1 0 1 1 1 1 1 1 1 1 1 1 1 0 0 0 1
401 0 0 0 0 0 0 0 0 0 0 1 0 0 0 0 0 0 0 0 0
402 0 1 0 1 1 1 1 0 1 1 1 1 1 1 1 1 0 0 0 0
403 0 1 1 1 0 1 1 1 1 1 1 1 1 0 1 1 0 0 0 0
404 0 0 0 0 0 1 1 1 0 1 1 1 1 0 1 1 1 0 0 1
405 0 0 0 1 0 0 0 0 0 0 0 0 1 0 0 0 0 0 0 0
406 0 1 0 0 0 1 0 0 0 1 0 1 1 0 0 1 0 0 0 0
407 0 0 0 1 1 1 1 0 0 1 1 0 1 1 0 1 1 0 0 0
408 1 0 1 1 1 1 1 1 0 1 1 1 1 1 1 1 1 1 0 1
409 0 0 0 0 0 0 0 0 0 0 1 0 1 0 0 1 0 0 0 0
410 1 1 1 1 1 1 1 1 1 1 1 1 1 1 1 1 1 1 0 1
411 0 0 0 0 0 0 0 0 0 0 1 0 1 0 0 1 0 0 0 0
412 0 1 1 1 1 1 0 0 0 1 1 0 0 0 0 1 0 0 0 0
413 0 0 0 0 0 1 0 0 0 1 0 1 1 0 1 1 0 1 0 0
414 1 0 1 1 1 1 1 0 1 1 1 1 1 0 1 1 1 0 0 1
415 0 1 1 0 0 0 0 0 0 0 0 0 1 0 0 0 0 0 0 0
416 0 0 0 0 0 0 0 0 0 0 0 0 0 0 0 0 0 0 0 0
417 0 0 0 0 0 0 1 0 1 0 0 0 1 0 0 0 0 0 0 0
418 0 0 0 0 0 0 0 0 0 1 0 0 1 0 0 1 0 1 0 0
419 1 1 1 0 1 1 1 0 1 1 0 1 1 1 1 1 0 0 0 0
420 0 1 0 0 0 0 0 0 0 1 1 0 1 0 0 0 0 0 0 0
421 0 1 1 0 0 0 1 1 0 1 1 0 1 0 1 1 0 0 1 1
422 0 0 1 0 0 0 0 0 1 1 0 0 1 0 0 1 0 0 0 0
423 0 1 1 1 0 0 1 1 1 1 1 1 1 1 1 1 0 0 0 0
424 0 1 0 0 0 1 1 0 0 0 1 0 0 0 0 1 0 0 0 0
425 0 0 0 0 0 0 0 0 0 0 0 1 1 0 0 1 0 0 0 0
426 1 1 1 1 0 1 1 0 1 1 1 1 1 1 1 1 1 0 0 1
427 0 0 0 0 0 0 0 0 1 1 1 0 0 1 1 1 0 0 0 0
428 0 0 0 0 0 0 1 0 1 1 1 1 1 0 0 1 1 0 0 0
429 0 0 0 0 0 0 1 0 0 0 0 0 0 0 0 0 0 0 0 0
430 1 1 1 1 1 1 1 1 0 1 1 0 1 1 1 1 0 0 0 1
431 0 1 0 0 0 1 1 0 1 1 1 0 1 0 0 1 0 0 0 0
432 0 0 1 0 0 0 1 1 0 1 1 1 1 0 1 1 0 0 0 0
433 0 1 0 1 0 0 1 0 1 1 1 0 1 1 0 1 0 0 0 1
434 1 1 1 1 1 1 1 1 1 1 1 1 1 1 1 1 0 1 0 1
435 0 1 1 1 0 1 1 1 1 1 1 0 1 0 0 1 1 1 0 0
436 0 0 0 0 0 0 0 0 0 1 1 0 1 0 1 1 0 0 0 0
437 1 1 1 1 0 1 0 1 1 1 1 1 1 1 1 1 1 1 0 1
438 0 1 1 1 0 0 1 1 1 1 1 0 1 1 0 0 0 0 0 0
439 1 1 1 1 0 1 1 0 1 1 1 1 1 0 1 1 0 0 0 0
440 1 1 1 1 1 1 1 0 0 1 1 1 1 0 0 1 1 0 0 1
441 0 1 1 0 0 0 1 1 1 0 1 0 1 0 1 0 1 0 0 0
442 0 0 0 1 1 0 1 0 1 1 0 0 1 0 1 1 0 0 0 0
443 1 1 1 1 1 1 0 1 1 0 1 0 0 1 1 1 1 0 0 1
444 0 0 0 0 0 1 0 0 0 1 0 0 1 0 1 1 0 0 0 0
445 0 0 0 0 0 0 0 0 0 0 1 0 0 0 0 1 0 0 0 0
446 0 0 0 0 0 0 0 0 0 0 0 0 0 0 0 0 0 0 0 0
447 1 1 1 1 1 1 1 1 1 1 1 1 1 0 1 1 1 1 0 1
448 0 1 1 0 0 1 0 0 0 1 1 1 1 0 1 1 0 0 0 1
449 0 0 0 0 0 0 1 0 0 0 0 0 1 0 0 0 1 0 0 0
450 0 0 0 0 0 0 1 0 0 1 1 1 1 0 1 1 0 0 0 1
451 0 1 1 0 0 0 0 1 1 1 1 0 1 0 1 1 0 0 0 1
452 0 1 1 1 0 1 0 0 0 1 1 0 1 0 1 1 0 1 0 0
453 1 1 1 1 0 1 1 1 1 1 1 0 1 0 1 1 0 0 0 0
454 0 1 1 1 1 1 1 1 1 1 1 0 1 0 1 1 1 1 0 1
455 0 1 1 0 0 0 1 0 1 1 1 0 0 0 0 1 1 1 0 1
456 1 1 1 1 1 1 1 0 1 1 1 0 1 1 1 1 1 1 0 1
457 0 0 0 0 0 0 0 0 0 0 0 0 0 0 0 1 0 0 0 0
458 0 1 1 0 0 0 0 0 0 1 1 1 1 1 1 0 0 0 0 0
459 0 0 0 0 0 1 0 0 1 1 0 0 1 0 1 1 0 1 0 1
460 0 1 1 1 1 0 1 0 0 1 1 1 1 0 1 1 0 0 0 1
461 0 0 0 0 0 0 0 0 0 0 0 0 0 0 0 0 0 0 0 0
462 0 1 1 1 1 1 0 1 1 1 1 1 1 0 1 1 1 0 0 1
463 1 0 0 1 0 0 0 0 0 1 1 0 1 0 0 0 1 0 0 0
464 1 0 1 1 0 1 1 1 1 1 1 0 1 0 1 1 0 0 0 0
465 0 0 1 0 0 0 0 1 1 1 0 0 1 0 1 0 1 0 0 0
466 0 0 1 0 0 1 1 0 1 1 1 0 1 0 1 1 1 0 0 0
467 0 0 0 0 0 0 0 0 0 1 0 0 0 0 0 0 0 0 0 0
468 0 1 0 0 0 0 0 0 1 1 1 0 1 0 0 1 0 1 0 0
469 1 1 1 1 1 1 1 0 0 1 1 1 1 1 1 1 0 0 0 1
470 0 0 0 0 1 0 0 0 0 0 0 0 1 0 1 1 0 0 0 0
471 0 1 0 0 0 0 0 0 0 0 1 0 1 0 0 1 0 0 0 0
472 0 0 0 0 0 0 0 0 0 1 0 1 0 0 0 1 0 0 0 0
473 0 1 1 1 0 1 1 0 1 1 1 1 1 1 1 1 1 0 0 1
474 0 1 0 0 1 0 1 0 0 1 0 0 1 0 1 0 0 0 0 0
475 0 1 0 0 0 0 1 1 0 0 1 1 1 0 1 1 0 0 0 0
476 1 1 1 1 1 1 1 1 1 1 1 1 1 1 1 1 1 0 1 1
477 1 1 1 0 0 1 1 1 1 1 1 0 1 1 0 0 1 1 0 0
478 1 1 1 1 0 1 1 1 1 1 1 1 1 1 1 1 1 0 0 1
479 1 0 0 0 0 0 0 0 0 1 0 0 0 0 0 1 0 0 0 0
480 0 1 1 1 0 0 1 1 1 1 1 0 1 0 1 1 0 0 0 0
481 0 0 1 0 0 0 1 0 1 1 1 1 1 0 0 1 0 0 0 1
482 0 0 0 0 0 0 0 0 0 0 0 0 0 0 0 0 0 0 0 0
483 0 1 1 1 1 1 1 1 1 1 1 1 1 0 1 1 1 0 0 0
484 0 0 0 1 0 0 1 0 1 0 0 0 0 0 0 0 0 0 0 0
485 1 1 1 1 1 1 1 0 1 1 1 1 1 1 1 1 0 0 0 0
486 0 0 0 0 0 0 0 0 0 0 0 0 0 0 0 1 0 0 0 0
487 0 0 0 1 0 0 1 0 0 0 0 0 0 0 0 1 0 0 0 0
488 0 0 0 1 1 1 1 0 0 1 1 0 1 1 1 1 1 0 0 1
489 0 0 0 0 0 0 0 0 0 0 1 0 1 0 0 0 0 0 0 0
490 1 1 1 1 1 1 1 1 1 1 1 1 1 0 1 1 1 1 0 1
491 1 1 1 0 1 1 0 1 1 1 1 0 1 1 1 1 1 0 0 0
492 1 1 0 1 1 1 1 1 1 1 1 1 1 1 1 1 1 0 0 1
493 0 0 0 0 0 1 0 0 1 0 0 0 0 0 0 0 1 0 0 0
494 0 0 1 1 1 1 1 1 1 1 1 0 1 1 1 1 0 1 0 1
495 0 1 0 1 0 1 0 0 1 1 0 1 0 0 0 1 0 0 0 0
496 0 0 0 0 0 0 0 0 0 1 1 0 0 0 1 0 0 0 0 0
497 0 0 0 0 0 0 0 0 0 0 0 0 1 0 0 1 0 0 0 0
498 0 0 0 0 0 0 0 0 0 0 1 0 1 0 0 1 0 0 0 0
499 0 0 0 0 0 0 0 0 1 0 0 0 0 0 0 1 1 0 0 0
500 0 0 0 0 0 0 1 1 0 1 0 0 1 0 0 1 0 0 0 0
501 1 1 1 0 0 1 1 1 1 1 1 1 1 1 1 1 1 1 0 1
502 0 0 0 0 1 0 1 0 0 0 1 0 1 0 0 1 1 0 0 0
503 0 0 0 0 0 0 0 0 0 0 0 0 0 0 0 1 0 0 0 0
504 0 0 0 1 0 1 0 1 0 1 0 0 1 0 0 0 0 0 0 0
505 0 1 0 0 0 0 1 0 0 1 0 0 1 0 0 1 0 0 0 0
506 1 1 1 1 1 1 1 1 1 1 1 1 1 0 1 1 1 1 0 1
507 1 1 0 1 0 1 1 1 0 1 1 0 1 1 1 1 1 0 0 0
508 0 1 0 0 1 0 1 0 1 1 1 0 1 0 1 0 0 0 0 0
509 0 0 0 0 0 0 0 0 0 0 0 0 0 0 0 0 0 0 0 0
510 0 0 0 0 0 0 0 0 0 0 0 0 1 0 0 0 0 0 0 1
511 0 1 1 1 0 1 1 1 0 1 1 1 0 1 1 1 0 0 0 1
512 1 1 0 0 1 1 1 0 1 1 1 1 1 0 1 1 1 0 0 1
513 0 0 0 0 0 1 0 1 1 1 0 1 1 0 0 1 0 0 0 0
514 0 1 1 0 0 0 0 0 1 1 1 0 1 0 1 1 0 0 0 0
515 0 0 0 0 0 0 0 0 0 0 0 0 0 0 0 0 1 0 0 0
516 1 1 0 0 0 0 1 1 1 1 1 0 1 0 1 1 0 0 0 0
517 0 0 0 0 0 1 0 0 0 0 1 0 1 0 0 0 0 0 0 0
518 0 0 0 0 0 0 0 0 0 0 0 0 0 0 0 0 0 0 0 0
519 1 1 1 1 0 1 1 1 1 1 1 1 1 1 1 1 0 1 0 1
520 0 1 1 0 0 1 0 0 0 1 0 1 1 0 0 1 0 0 0 0
521 1 1 1 1 1 1 1 1 1 1 1 1 1 1 1 1 1 1 0 1
522 0 0 0 0 0 1 1 0 0 0 1 0 1 0 0 1 0 0 0 0
523 1 1 1 1 1 1 1 1 1 1 1 0 1 1 1 1 1 0 0 0
524 0 0 0 0 0 0 0 0 0 0 0 0 1 0 1 0 0 0 0 0
525 1 1 1 1 1 1 1 1 1 1 1 1 1 1 1 1 1 1 1 1
526 1 1 0 1 1 0 1 1 0 1 1 1 1 1 1 1 1 0 0 1
527 1 1 1 0 0 1 1 0 1 1 1 0 1 0 1 1 1 0 0 1
528 0 0 0 0 1 0 1 1 0 1 0 0 1 0 1 1 0 0 0 0
529 0 1 1 0 0 0 1 0 0 0 1 1 1 1 1 1 0 0 0 1
530 1 1 1 1 0 1 1 0 0 1 1 1 1 0 1 1 0 0 0 1
531 1 1 1 1 1 1 1 1 1 0 1 1 1 1 1 1 1 1 0 1
532 0 0 1 0 0 0 1 0 0 0 0 0 0 0 0 0 0 0 0 0
533 0 1 0 0 0 1 1 0 1 0 1 1 1 0 1 0 0 0 0 1
534 1 1 1 0 0 1 1 0 0 1 1 0 1 0 0 1 1 0 0 0
535 0 1 0 1 0 1 1 1 1 1 1 1 1 0 1 1 0 0 0 1
536 0 0 0 0 0 0 1 0 0 1 1 0 1 0 0 0 0 0 0 0
537 0 1 1 1 0 1 0 1 1 0 1 0 1 0 1 1 0 0 0 1
538 1 0 0 0 0 1 1 1 1 1 1 0 1 1 1 1 1 0 0 1
539 0 0 1 0 0 0 0 1 0 0 1 0 0 1 0 0 0 0 0 0
540 0 1 0 0 0 0 1 0 1 0 1 1 1 0 1 1 0 1 0 0
541 1 1 1 1 1 1 1 1 1 1 1 1 1 0 1 1 1 1 0 1
542 0 0 0 0 0 1 0 0 0 1 1 1 1 0 0 1 1 0 0 1
543 0 1 1 0 0 1 1 1 0 1 1 1 1 1 1 1 1 0 0 0
544 0 1 0 0 0 0 0 0 0 0 0 0 1 0 0 0 0 0 0 0
545 0 0 0 0 0 0 0 0 0 0 0 0 1 0 0 1 0 0 0 0
546 0 0 0 0 0 0 0 0 0 0 0 0 0 0 0 1 0 0 0 0
547 0 0 0 0 0 0 0 0 0 0 1 0 1 0 0 1 0 0 0 0
548 0 0 0 1 0 1 0 0 1 1 1 0 1 0 0 1 1 0 0 1
549 0 1 0 1 0 0 1 1 1 1 1 1 1 1 1 1 0 0 0 0
550 0 1 0 0 0 0 0 1 0 1 0 0 1 0 0 0 0 0 0 0
551 0 1 1 0 0 1 1 1 1 1 1 0 1 0 1 1 0 0 0 0
552 0 1 1 1 0 1 1 1 1 1 1 0 1 0 1 1 1 1 0 0
553 1 1 1 1 1 1 1 1 1 1 1 1 1 1 1 1 1 0 0 1
554 1 0 0 0 0 0 0 0 0 0 1 0 0 0 0 1 0 0 0 1
555 0 0 1 0 0 0 1 0 0 1 1 1 0 0 1 0 0 0 0 1
556 0 0 0 0 0 0 0 0 0 0 0 0 0 0 0 0 0 0 0 0
557 0 0 0 0 0 0 0 0 1 0 1 0 1 0 0 1 0 0 0 0
558 1 1 0 0 0 0 0 0 1 0 1 0 1 0 1 1 0 1 0 0
559 0 1 0 0 0 0 1 0 1 1 1 0 1 0 1 1 0 0 0 0
560 0 0 0 0 0 0 1 0 1 0 0 0 1 0 0 1 0 0 0 0
561 0 0 0 0 0 0 0 0 0 0 0 0 0 0 0 0 0 0 0 0
562 0 0 0 0 0 0 1 0 0 0 1 0 0 0 0 0 0 0 0 0
563 1 1 0 1 0 1 1 1 1 1 1 0 1 0 1 1 1 0 0 0
564 0 0 1 0 0 1 1 1 0 1 1 1 1 1 1 1 0 0 0 0
565 0 1 1 1 1 1 1 1 1 1 1 0 1 0 1 1 1 0 0 1
566 1 1 1 1 1 1 1 1 0 1 1 0 1 1 1 1 1 0 0 1
567 0 0 0 1 1 0 1 1 0 0 1 0 1 0 1 0 0 0 0 0
568 0 0 0 0 0 0 1 0 1 1 1 1 1 0 0 1 0 0 0 0
569 0 1 0 1 1 0 1 0 1 1 1 0 1 0 1 1 1 0 0 0
570 0 0 0 0 1 0 1 1 1 1 1 0 1 0 1 1 1 0 0 1
571 0 0 0 1 1 0 0 1 0 1 1 0 1 0 0 1 0 0 0 0
572 0 1 1 1 1 1 1 1 1 1 1 1 1 1 1 1 1 0 0 0
573 0 0 0 0 0 0 1 0 0 0 0 0 0 0 1 1 0 0 0 0
574 0 0 0 0 0 0 0 0 0 0 0 0 0 0 0 0 0 0 0 0
575 0 0 0 0 0 0 1 0 0 0 0 0 0 0 0 1 0 0 0 0
576 0 0 0 0 0 0 0 0 1 1 1 0 1 0 1 1 0 0 0 1
577 0 1 1 0 0 1 1 0 0 1 1 0 1 0 1 1 0 1 0 0
578 1 1 1 1 1 1 1 1 1 1 0 1 1 1 1 1 1 0 0 1
579 0 1 1 1 0 1 1 1 1 1 1 1 1 0 1 1 0 1 0 0
580 1 1 1 0 0 1 1 0 1 1 0 1 1 0 1 1 1 0 0 1
581 0 1 0 1 0 1 0 0 0 0 1 0 1 1 1 0 0 0 0 0
582 1 0 1 1 0 1 1 0 0 1 0 0 1 0 0 0 0 0 0 0
583 0 1 1 1 1 1 1 1 1 1 1 1 1 1 1 1 1 1 0 1
584 0 1 1 1 0 1 1 0 1 1 1 0 1 0 0 1 0 0 0 0
585 1 1 0 0 0 1 1 1 1 0 1 0 1 1 1 1 0 1 0 1
586 0 1 1 0 1 1 1 1 1 1 1 0 1 0 1 1 1 0 0 1
587 0 1 0 0 0 0 0 0 0 1 1 0 0 0 0 0 0 0 0 0
588 0 0 0 0 0 0 1 0 1 0 0 0 0 0 0 0 0 0 0 0
589 0 1 0 0 0 0 0 0 0 1 0 0 1 0 0 1 0 0 0 0
590 0 1 0 0 0 1 1 1 1 1 1 1 1 0 1 0 0 1 0 0
591 0 1 0 0 0 1 1 0 0 1 1 0 1 0 0 0 0 0 0 0
592 0 1 0 1 0 1 0 0 1 1 1 1 1 1 1 1 0 0 0 0
593 0 1 1 1 1 1 1 1 0 1 1 0 1 0 0 1 1 0 0 1
594 0 0 0 0 0 0 0 0 0 0 0 0 1 0 1 1 0 0 0 0
595 0 0 0 1 0 1 1 0 0 1 1 1 1 0 1 1 1 0 0 0
596 0 1 0 0 1 1 0 0 1 1 1 0 1 0 1 1 0 0 0 1
597 0 0 0 0 0 0 0 0 0 0 0 0 0 0 0 1 0 0 0 0
598 1 1 1 0 0 1 1 0 0 1 1 0 1 0 0 1 0 0 0 0
599 0 0 0 0 0 1 1 0 0 0 1 0 1 0 0 1 0 0 0 0
600 1 1 1 1 1 1 1 1 1 1 1 1 1 1 1 1 1 1 0 1
601 0 0 1 0 1 1 1 0 0 1 1 1 1 0 1 1 0 0 0 0
602 0 1 0 1 0 0 0 0 1 1 1 1 1 0 0 1 0 0 0 0
603 0 0 1 0 0 1 1 1 0 1 1 0 1 1 1 1 0 0 0 0
604 1 1 1 1 1 1 1 1 1 1 1 1 1 0 1 0 1 1 0 0
605 1 1 1 1 0 0 1 1 1 1 1 0 1 1 0 1 1 0 0 0
606 0 1 1 1 0 1 0 0 0 0 0 0 1 1 1 0 1 0 0 1
607 0 1 0 0 0 0 0 0 0 0 0 0 1 0 0 0 0 0 0 0
608 0 1 0 1 0 0 0 1 0 0 1 1 1 0 0 1 0 0 0 0
609 0 0 0 0 0 1 1 0 0 1 1 0 1 0 0 1 0 0 0 0
610 0 1 0 0 0 0 0 0 0 0 0 0 0 0 0 1 1 0 0 0
611 0 0 0 0 0 0 1 0 0 0 0 0 1 0 0 1 1 0 0 0
612 0 0 0 0 0 0 0 0 0 0 0 0 0 0 0 0 0 0 0 0
613 1 1 1 1 0 1 1 1 1 1 1 1 1 0 1 1 1 1 0 1
614 1 1 1 1 0 1 1 1 1 1 1 0 1 1 1 1 1 0 0 1
615 0 1 0 1 0 1 0 0 0 0 0 1 1 0 0 1 0 0 0 0
616 1 1 0 1 0 1 1 1 1 1 1 1 1 0 1 1 0 0 0 1
617 0 1 1 1 1 1 1 0 0 1 1 0 1 0 0 1 1 0 0 1
618 0 0 0 0 0 0 0 0 0 0 0 0 0 0 0 0 0 0 0 0
619 0 1 0 0 0 0 1 0 1 0 0 0 0 0 0 1 0 0 0 0
620 0 1 1 1 0 1 1 0 1 1 1 1 1 1 1 1 1 0 0 1
621 1 0 1 0 0 1 1 1 1 0 1 0 1 0 0 1 0 0 0 0
622 0 0 0 0 0 0 0 0 0 0 0 0 0 0 0 1 0 0 0 0
623 0 0 0 1 0 0 0 0 1 0 1 0 1 0 0 0 0 0 0 0
624 0 1 0 1 0 1 1 0 1 1 1 1 1 0 1 1 0 0 0 1
625 0 0 0 1 0 1 1 1 1 1 1 1 1 0 1 1 1 0 0 0
626 0 1 1 1 0 1 0 0 1 1 1 0 1 1 1 0 1 0 1 1
627 1 1 1 1 1 1 1 1 1 1 1 1 1 1 1 1 0 1 1 1
628 0 0 0 0 0 0 0 0 1 0 0 0 1 0 0 0 0 0 0 0
629 0 0 0 0 0 1 0 1 1 1 0 0 1 0 1 1 1 0 0 1
630 1 1 1 1 1 1 1 1 1 1 1 1 1 1 1 1 0 1 0 0
631 1 1 1 1 0 1 1 0 1 1 1 0 1 0 1 1 1 0 0 0
632 1 1 1 1 1 1 1 1 1 1 1 1 1 0 1 1 0 0 0 1
633 0 0 0 0 0 0 0 0 0 0 0 0 0 0 0 0 0 0 0 0
634 0 0 0 0 0 0 0 0 0 1 0 0 1 0 0 1 0 0 0 0
635 0 0 1 1 0 1 1 0 1 1 0 1 1 0 1 0 1 0 0 0
636 1 1 1 1 0 1 1 1 1 1 1 1 1 0 1 1 1 0 0 1
637 0 0 0 0 1 0 0 0 0 0 1 0 1 0 0 1 0 0 0 0
638 0 1 1 0 1 0 0 1 0 0 1 0 1 0 1 1 0 0 0 0
639 0 0 1 0 0 0 0 0 0 0 0 0 1 0 0 1 0 0 0 0
640 0 0 0 0 0 0 0 0 1 0 0 0 1 0 0 1 0 0 0 0
641 0 0 1 1 0 1 1 0 1 0 1 0 1 0 1 1 0 0 0 1
642 1 1 1 1 1 1 1 1 0 1 0 1 1 1 1 1 1 1 0 1
643 0 1 1 0 1 1 1 1 1 1 1 1 1 1 1 1 0 0 0 1
644 0 0 0 1 0 0 0 0 0 1 1 0 1 1 1 1 0 0 0 1
645 0 1 0 0 0 1 1 0 0 1 1 1 1 1 1 1 0 0 0 1
646 0 1 1 1 1 1 1 1 1 1 1 1 1 1 1 1 1 1 0 0
647 1 1 1 1 0 1 1 1 1 1 1 1 1 0 1 1 1 0 0 1
648 0 1 0 1 0 0 1 1 0 1 1 1 1 1 1 1 1 0 0 0
649 1 1 1 1 1 1 1 1 1 1 1 1 1 0 0 1 0 0 0 1
650 0 0 0 0 0 0 0 0 0 1 0 0 1 0 1 1 0 0 0 0
651 0 1 1 0 1 1 1 1 1 1 1 1 1 0 1 1 1 0 1 0
652 0 1 0 1 0 1 0 0 0 1 1 1 1 0 1 1 0 0 0 1
653 0 1 1 1 1 1 1 1 1 1 1 1 1 0 1 1 1 1 0 0
654 0 1 0 0 0 1 0 0 1 1 1 0 1 1 1 1 0 0 0 0
655 0 0 0 0 0 0 0 0 0 0 0 0 1 0 0 1 0 0 0 0
656 0 1 0 1 1 1 1 1 1 1 1 1 1 0 1 1 0 0 0 1
657 1 1 1 1 1 1 1 1 1 1 1 1 1 1 1 1 1 0 1 1
658 0 1 0 1 1 1 1 0 1 0 1 0 1 0 1 1 0 0 0 1
659 0 1 1 1 0 1 1 1 1 1 1 1 1 0 1 1 1 0 0 1
660 0 0 1 1 0 1 1 1 1 0 1 0 1 0 1 1 0 0 0 1
661 0 0 0 1 0 0 0 0 0 0 1 0 0 0 0 0 0 0 0 0
662 0 1 0 0 0 1 0 1 0 0 0 1 1 0 0 1 1 0 0 0
663 0 0 1 1 0 1 1 0 1 1 1 1 1 1 1 1 0 0 0 1
664 0 1 1 0 0 1 1 1 1 1 0 0 1 0 0 1 0 0 0 1
665 0 0 0 0 0 0 0 0 0 0 0 0 0 0 0 0 0 0 0 0
666 0 0 0 0 0 0 0 0 0 0 0 0 0 0 1 0 0 0 0 0
667 0 1 1 1 1 1 1 0 1 1 1 1 0 0 1 1 0 0 0 1
668 0 0 0 0 0 0 1 0 0 1 1 0 1 0 0 1 0 0 0 0
669 1 1 1 1 1 1 1 0 1 1 1 0 1 0 1 0 0 0 0 1
670 0 0 0 0 0 0 1 0 0 0 0 1 1 1 0 1 0 0 0 0
671 0 1 0 0 0 1 1 0 0 0 0 0 1 1 0 1 1 0 0 0
672 0 1 0 0 0 0 0 0 1 1 0 0 0 0 0 1 0 0 0 0
673 1 0 0 1 0 1 0 0 0 1 0 0 1 0 1 1 0 0 0 1
674 0 0 0 0 0 1 1 0 0 1 0 0 1 0 0 1 0 0 0 0
675 0 0 0 0 0 1 0 0 0 0 0 0 0 0 0 0 0 0 0 0
676 0 0 1 0 1 1 1 1 1 1 1 1 1 1 1 1 1 0 0 1
677 1 0 0 1 1 1 1 0 0 1 0 0 1 0 1 0 0 0 0 0
678 1 0 1 1 0 1 1 0 1 1 1 0 0 0 1 1 1 0 0 1
679 1 1 1 1 0 1 1 1 1 1 1 1 1 0 1 1 1 0 0 1
680 1 1 1 1 1 1 1 1 1 1 1 0 1 0 1 1 0 0 0 1
681 1 1 1 1 0 1 1 1 1 1 1 1 1 1 1 1 1 1 0 1
682 1 1 1 1 1 1 1 0 1 1 1 1 1 1 1 1 1 0 0 0
683 0 1 1 1 1 1 1 0 1 1 1 1 1 0 1 1 0 0 0 1
684 0 1 0 0 0 1 0 0 1 0 1 0 1 0 1 1 0 0 0 0
685 0 1 0 0 0 0 0 0 0 0 0 0 0 0 0 0 0 0 0 0
686 0 1 1 1 1 1 1 1 1 1 1 1 1 1 1 1 1 1 0 1
687 0 0 1 0 1 0 0 0 0 1 0 1 0 0 0 1 0 0 0 1
688 1 1 1 1 0 0 1 1 0 1 0 1 1 0 0 1 1 0 0 0
689 0 0 0 0 0 0 0 0 0 0 0 0 0 0 0 0 0 0 0 0
690 0 0 1 1 0 1 1 0 1 1 1 1 1 1 1 1 0 0 0 1
691 0 1 0 0 1 1 1 0 1 0 1 0 1 0 0 0 0 0 0 0
692 0 0 0 0 0 0 0 0 0 0 0 0 1 0 0 1 0 0 0 0
693 0 0 0 0 0 0 0 0 1 0 1 0 0 0 0 0 0 0 0 1
694 0 0 0 1 0 1 1 0 0 1 0 0 1 1 0 1 0 0 0 0
695 1 1 1 1 1 1 1 1 1 1 1 1 1 0 1 1 1 0 0 0
696 0 0 0 0 0 0 1 0 1 0 1 0 1 0 0 1 0 0 0 0
697 0 0 0 0 0 1 0 0 0 0 0 0 1 0 0 0 0 0 0 0
698 0 1 0 1 1 1 1 0 1 1 1 1 1 0 1 1 1 0 0 0
699 1 1 1 1 1 1 1 1 1 1 1 1 1 0 1 1 1 1 0 1
700 0 0 0 0 0 0 0 0 0 0 0 0 0 1 0 0 0 0 0 0
701 0 0 0 0 0 0 0 0 0 0 0 0 0 0 0 0 0 0 0 0
702 0 0 0 0 0 0 0 0 0 0 0 0 0 0 0 1 0 0 0 0
703 0 0 0 0 0 0 0 0 1 0 0 0 1 0 0 0 0 0 0 0
704 1 1 1 0 1 1 0 0 1 1 1 0 1 0 1 1 1 0 0 0
705 0 0 0 0 0 1 0 1 1 0 1 0 0 0 1 1 0 0 0 0
706 0 0 0 0 0 0 0 0 1 0 0 0 1 0 0 1 0 0 0 0
707 0 1 1 0 1 1 1 1 1 1 1 1 1 0 1 1 0 0 0 1
708 0 0 0 0 0 0 0 0 0 1 1 0 0 0 0 1 0 0 0 0
709 0 0 0 0 0 0 0 0 0 0 0 0 0 0 0 0 0 0 0 0
710 0 0 0 0 1 0 0 0 0 0 0 0 1 0 1 1 0 0 0 0
711 1 0 0 0 0 0 0 0 1 0 0 0 1 0 0 1 0 0 0 0
712 0 1 0 0 0 0 1 0 0 0 0 0 1 0 0 1 0 0 0 0
713 0 0 0 0 0 0 0 0 0 0 0 0 0 0 0 0 0 0 0 0
714 0 1 1 1 0 1 1 1 1 1 1 1 1 0 1 1 1 0 0 0
715 0 0 0 0 0 0 0 0 0 0 0 0 0 0 0 1 1 0 0 0
716 0 1 0 0 0 0 1 0 0 0 0 0 1 0 0 1 0 0 0 0
717 0 0 0 0 0 0 0 0 1 1 0 0 1 1 0 1 0 0 0 0
718 1 1 1 1 1 1 1 1 0 1 1 1 1 1 1 1 1 0 0 1
719 0 1 0 0 0 0 0 0 0 1 1 0 1 0 0 1 0 0 0 0
720 0 0 0 1 1 1 0 1 1 0 1 1 1 0 1 1 0 0 0 1
721 0 1 0 1 0 1 0 0 1 1 1 0 1 0 1 1 0 0 0 1
722 1 1 1 1 1 1 1 1 1 1 1 1 1 1 1 1 0 0 0 1
723 1 1 1 1 1 1 1 1 1 1 1 0 1 1 1 1 1 0 0 1
724 0 0 0 1 0 0 1 0 1 1 1 0 0 0 1 1 0 0 0 0
725 0 0 0 0 0 0 0 0 0 0 1 0 1 0 0 1 1 1 0 0
726 0 1 1 0 0 0 1 0 0 1 1 1 1 0 1 1 0 0 0 1
727 0 1 0 0 0 0 0 0 0 1 0 0 0 0 1 1 0 0 0 1
728 1 0 0 0 0 0 1 0 0 1 0 0 0 0 1 1 0 0 0 0
729 0 0 0 0 0 0 0 0 0 0 0 0 0 0 0 1 0 0 0 0
730 0 1 0 0 0 0 1 0 0 1 1 0 1 0 1 1 0 0 0 0
731 0 1 0 1 1 1 0 0 1 1 1 1 1 0 1 1 1 0 0 1
732 1 1 1 1 1 1 1 0 0 1 1 0 1 1 1 1 1 0 0 1
733 1 1 1 0 1 1 1 0 0 1 1 1 0 0 1 0 0 1 0 1
734 0 1 1 1 1 1 0 1 0 1 1 0 1 1 1 1 1 0 0 0
735 0 0 0 0 0 1 0 1 0 0 1 0 0 0 0 0 0 0 0 1
736 0 0 0 0 0 0 0 0 0 1 0 0 0 0 0 0 0 0 0 0
737 0 1 0 0 0 0 0 1 0 1 1 0 1 0 1 1 1 0 0 0
738 0 0 0 0 0 0 1 0 0 0 0 0 0 0 0 0 0 0 0 0
739 1 1 1 0 0 1 1 1 1 1 0 1 1 0 1 1 0 0 0 0
740 1 1 1 1 1 1 1 1 1 1 1 1 1 1 1 1 1 1 0 1
741 0 0 1 0 0 0 1 1 1 1 1 0 1 0 1 1 0 0 0 0
742 0 1 1 1 0 1 1 1 1 1 1 0 1 1 1 1 1 0 0 1
743 0 0 0 0 0 0 0 0 0 0 0 0 1 0 0 1 0 0 0 0
744 1 1 1 1 1 1 1 1 1 1 1 1 1 1 1 1 1 1 1 1
745 0 1 1 0 0 1 1 0 0 0 1 1 1 1 0 0 0 0 0 0
746 0 0 1 1 1 0 1 0 1 1 1 1 1 1 0 1 1 0 0 0
747 0 0 0 1 0 0 1 0 1 0 0 0 1 0 0 1 0 0 0 0
748 0 1 1 1 0 1 1 1 0 1 1 1 1 1 1 1 1 0 0 0
749 1 0 0 0 0 1 1 0 0 0 0 0 0 0 0 1 1 0 0 0
750 0 0 0 0 0 1 1 0 1 1 1 0 1 0 0 0 1 0 0 0
751 0 0 0 0 0 1 1 0 1 1 1 1 1 0 1 1 0 0 0 0
752 0 1 0 0 0 0 0 0 0 0 1 0 1 0 1 1 0 0 0 0
753 0 0 0 0 0 1 0 1 0 1 1 1 1 0 0 1 0 0 0 1
754 1 1 1 1 1 1 1 1 1 1 1 1 1 1 1 1 1 1 0 1
755 1 0 0 0 0 0 1 1 0 1 1 0 1 0 0 1 0 0 0 1
756 0 0 0 1 0 0 1 0 0 1 1 1 1 0 1 0 0 0 0 0
757 0 0 0 0 0 0 0 0 0 0 0 0 0 0 0 1 0 0 0 0
758 0 0 0 0 0 0 0 0 0 0 0 0 0 0 0 0 0 0 0 0
759 1 1 1 1 1 1 1 1 1 1 1 1 0 1 1 1 1 1 0 0
760 0 1 0 0 0 0 0 0 0 1 0 0 1 0 1 0 1 0 0 0
761 1 1 0 1 0 1 1 1 1 1 1 0 1 0 1 1 1 0 0 0
762 0 1 1 1 1 1 1 1 1 1 1 1 1 1 1 1 1 0 1 1
763 0 0 0 0 0 0 1 1 0 0 0 0 1 0 1 1 0 0 0 0
764 0 1 0 0 1 1 1 0 1 1 1 0 1 0 0 1 0 0 0 0
765 1 1 1 1 1 1 1 1 1 1 1 1 1 1 1 1 0 0 0 1
766 0 0 0 0 0 0 0 0 0 0 0 0 0 0 0 0 0 0 0 0
767 1 0 1 1 1 1 1 1 1 1 1 1 1 1 1 1 0 1 0 1
768 0 0 0 0 0 1 0 0 1 1 1 0 1 0 0 1 0 0 0 0
769 0 1 1 1 0 1 1 0 1 1 1 1 1 1 1 0 0 0 0 1
770 0 1 1 1 0 1 1 1 0 0 1 1 0 0 1 1 1 0 0 0
771 0 1 1 1 1 1 1 0 1 1 1 1 1 0 1 1 0 1 0 1
772 0 1 1 0 1 0 1 0 0 1 1 0 1 0 1 1 0 0 0 0
773 0 0 0 1 0 0 0 0 0 0 1 0 1 0 0 0 0 0 0 0
774 1 1 1 0 0 0 0 0 0 0 1 1 0 0 1 1 1 0 0 1
775 0 0 0 0 0 0 0 0 0 0 0 0 1 0 0 0 0 0 0 0
776 0 1 0 0 0 0 0 0 0 0 0 0 0 0 0 0 0 0 0 0
777 1 0 0 1 1 1 1 1 1 1 1 1 1 0 1 1 1 0 0 1
778 0 0 0 0 0 0 1 0 0 1 1 0 1 0 1 1 0 1 0 1
779 1 1 1 1 1 1 0 0 1 1 1 1 1 1 1 1 1 0 0 1
780 0 0 0 0 0 1 1 1 1 1 1 0 1 0 1 0 1 0 0 1
781 1 1 1 1 1 1 1 1 1 1 1 1 1 0 1 1 1 1 1 1
782 0 0 0 0 0 1 0 0 0 0 0 0 1 0 0 0 0 0 0 0
783 0 0 0 0 1 0 0 0 0 1 1 0 1 0 0 1 1 0 0 0
784 0 1 0 0 0 0 0 0 1 0 1 0 1 0 1 1 0 0 0 0
785 1 1 0 0 0 0 0 1 0 0 1 0 1 0 0 0 1 0 0 1
786 1 1 1 0 1 1 1 1 1 1 1 1 1 0 1 0 1 1 0 1
787 0 1 0 1 0 1 0 1 0 1 1 1 1 0 0 0 0 0 0 0
788 0 0 0 1 0 0 0 1 0 1 1 0 1 0 0 1 0 0 0 0
789 0 0 0 0 0 0 0 0 0 0 0 0 0 0 0 1 0 0 0 0
790 0 0 0 0 0 1 1 0 1 0 0 1 1 0 0 1 0 0 0 0
791 0 0 0 1 0 0 0 0 0 0 1 0 0 0 0 1 0 0 0 1
792 0 0 0 0 0 0 0 0 0 1 0 0 0 1 0 0 0 0 0 0
793 0 0 0 0 0 0 0 1 0 0 0 0 0 0 1 0 0 0 0 0
794 0 1 0 0 0 0 0 0 0 0 1 0 1 0 0 1 0 0 0 1
795 0 0 0 1 0 1 1 1 0 1 1 0 1 0 1 1 0 0 0 0
796 1 0 0 0 0 0 0 0 1 1 1 0 0 0 0 1 1 0 0 0
797 0 0 0 0 0 0 1 1 0 0 1 0 0 0 0 0 0 0 0 0
798 0 0 0 1 0 0 1 0 1 0 1 1 1 0 1 1 0 0 0 0
799 1 0 1 0 0 1 1 1 1 1 1 0 1 1 1 1 0 0 0 0
800 0 1 0 0 0 1 0 0 0 0 1 0 0 0 0 1 1 0 0 0
801 0 1 1 1 1 1 1 0 1 1 1 1 1 0 1 1 0 0 0 1
802 1 0 0 0 0 1 1 1 1 1 1 1 1 0 1 0 1 1 0 0
803 0 0 0 0 0 0 0 0 0 1 0 0 1 0 0 0 0 0 0 0
804 0 0 1 1 0 1 1 1 1 1 1 0 1 1 0 1 0 0 0 0
805 0 0 0 1 0 0 0 0 1 0 1 0 1 0 1 0 0 0 0 0
806 0 1 1 0 0 1 1 0 1 1 1 1 1 0 0 0 0 0 0 1
807 1 0 1 1 1 1 0 0 1 1 1 0 1 1 1 1 1 0 0 0
808 1 0 0 1 0 0 1 0 0 0 0 0 0 0 0 1 0 0 0 0
809 0 0 0 1 0 1 1 1 1 1 1 1 1 1 1 1 0 0 0 0
810 0 0 0 0 0 1 0 0 0 1 1 0 0 1 0 0 0 0 0 0
811 0 1 0 0 0 0 0 1 0 0 0 0 1 0 0 0 0 0 0 0
812 0 0 0 0 0 0 0 0 0 0 0 0 1 0 0 0 0 0 0 0
813 0 1 0 1 0 0 1 0 0 0 1 0 1 0 1 1 0 0 0 0
814 0 1 1 1 1 1 1 0 0 1 1 0 1 1 1 1 0 0 0 1
815 0 0 0 0 0 0 1 0 0 0 0 0 1 0 1 1 0 0 0 0
816 0 1 0 0 0 0 0 0 0 0 1 0 1 0 1 1 0 0 0 0
817 0 0 0 0 0 0 0 0 0 0 0 1 1 1 0 0 0 0 0 0
818 0 0 0 0 0 0 0 1 0 1 0 0 1 0 0 1 0 1 0 0
819 1 1 1 1 0 1 1 0 1 1 1 1 1 0 1 1 1 0 0 0
820 0 0 0 0 0 0 0 0 0 1 0 0 1 0 1 1 0 0 0 1
821 1 0 0 0 0 1 1 0 1 1 0 0 1 0 0 0 0 0 0 0
822 1 1 1 0 1 1 1 0 1 1 1 1 1 0 1 1 1 0 0 0
823 0 1 0 1 1 1 1 1 1 1 1 0 0 1 1 1 1 0 0 1
824 0 0 0 0 0 0 1 0 0 1 0 0 1 0 1 1 0 0 0 1
825 0 0 0 0 1 1 1 0 1 0 1 0 1 0 0 1 0 0 0 0
826 1 1 0 1 0 1 0 1 1 0 1 1 1 0 1 1 0 0 0 0
827 1 1 1 1 1 1 1 1 1 1 1 1 1 1 1 1 1 1 0 1
828 1 1 1 1 1 0 1 0 1 1 0 1 1 0 1 1 1 0 0 1
829 0 1 1 1 1 1 1 0 1 1 0 1 1 1 1 1 0 0 1 0
830 0 1 1 0 1 0 1 1 1 1 1 1 1 1 0 1 0 1 0 1
831 1 1 0 1 0 1 1 1 1 1 1 1 1 0 1 1 0 0 0 1
832 1 1 1 0 1 1 1 1 1 1 1 1 1 1 1 1 1 1 0 1
833 1 0 0 1 0 0 0 0 0 1 1 0 1 1 1 1 1 0 0 0
834 0 0 0 1 0 1 0 0 0 0 1 0 1 0 1 1 1 0 0 0
835 0 0 0 0 0 0 1 0 0 0 1 1 1 0 0 1 1 0 0 0
836 0 1 0 0 0 0 1 0 0 0 0 0 0 0 0 0 0 0 0 0
837 0 1 0 0 1 1 1 0 0 1 1 1 1 0 1 1 1 1 0 0
838 0 0 0 0 0 0 1 0 1 0 0 0 1 0 1 0 0 0 0 0
839 0 1 0 1 1 1 1 0 1 1 1 0 1 1 1 1 0 1 0 0
840 1 1 0 0 0 0 1 0 0 0 1 0 1 0 1 1 0 0 0 1
841 0 0 0 0 1 0 1 0 0 1 1 0 1 0 0 1 0 0 0 1
842 0 1 1 0 1 1 1 1 0 1 1 1 1 1 1 1 1 0 0 0
843 0 0 0 0 0 1 0 1 0 0 1 0 1 0 1 0 1 0 0 0
844 1 1 1 1 1 1 1 0 1 0 1 1 1 1 1 1 1 0 0 0
845 0 1 1 0 0 1 1 0 1 0 1 0 0 0 1 1 0 0 0 1
846 0 0 0 0 0 0 1 0 0 0 1 0 1 0 0 1 0 0 0 1
847 0 1 1 1 0 1 1 1 1 1 1 1 1 0 1 1 1 1 0 1
848 0 0 0 0 0 0 0 0 0 0 0 0 0 0 0 0 0 0 0 0
849 0 0 0 1 0 1 1 1 0 1 1 1 1 1 0 1 0 1 0 0
850 0 1 0 0 0 0 0 0 0 0 0 0 1 0 0 1 0 0 0 1
851 0 0 0 1 0 1 1 1 1 1 1 0 1 1 1 1 0 0 0 0
852 0 1 0 1 0 0 1 0 0 1 1 0 0 1 1 1 0 0 0 1
853 0 1 1 1 1 1 1 1 1 1 0 0 1 0 0 1 1 0 0 0
854 0 1 1 1 1 1 1 1 1 1 1 1 1 1 1 1 0 0 0 0
855 0 0 1 0 0 0 0 0 0 1 0 0 1 0 0 1 0 0 0 0
856 0 1 1 0 0 1 1 0 0 1 1 1 1 0 1 1 1 1 0 0
857 0 0 0 0 0 0 0 0 1 0 0 0 0 0 0 1 0 0 0 0
858 1 1 1 0 0 1 1 1 1 1 1 0 1 0 1 1 1 0 0 1
859 0 0 0 0 0 0 1 0 0 0 0 0 1 0 0 0 0 0 0 0
860 0 0 0 0 0 0 0 0 0 0 0 0 1 0 0 1 0 0 0 0
861 0 0 0 0 0 0 0 0 0 1 0 0 1 0 1 1 0 0 0 0
862 0 0 0 1 0 1 0 1 0 1 0 0 1 0 1 1 0 0 0 0
863 0 1 1 1 1 1 0 1 1 1 0 1 1 1 1 1 1 1 0 1
864 1 1 1 1 0 1 1 0 1 1 1 1 1 0 1 1 1 1 0 1
865 0 0 1 0 0 0 0 0 0 0 1 0 1 0 1 1 0 0 0 0
866 0 1 0 0 1 1 0 0 0 0 1 1 1 1 1 0 0 0 0 0
867 1 1 1 1 1 1 1 1 1 1 1 0 1 1 1 1 1 0 0 1
868 1 1 1 1 1 1 0 1 1 1 1 1 1 1 1 1 1 0 0 1
869 0 0 0 0 0 0 1 0 0 1 1 0 1 0 1 1 0 0 0 0
870 0 1 0 0 1 1 1 0 0 1 1 1 1 1 1 1 0 0 0 1
871 0 0 0 0 0 0 0 0 1 0 0 0 1 0 0 0 0 0 0 0
872 1 1 1 1 1 1 1 1 1 0 1 1 1 1 0 1 1 0 0 1
873 0 1 0 1 1 1 1 0 1 1 1 1 1 0 1 1 0 0 0 0
874 1 1 0 1 0 1 0 1 1 1 1 0 1 0 1 1 0 0 0 0
875 1 1 1 1 1 1 1 1 1 1 1 1 1 0 1 1 1 1 0 1
876 0 0 1 1 0 1 1 0 1 0 1 0 1 0 1 1 0 0 0 0
877 1 1 1 1 0 1 1 0 1 0 1 1 1 0 0 1 1 0 0 1
878 0 0 0 0 0 0 0 0 0 0 1 0 0 0 0 1 0 0 0 0
879 0 1 0 1 0 0 0 0 0 0 1 0 1 0 1 1 0 0 0 1
880 1 1 1 1 0 1 1 0 0 1 1 0 1 0 1 1 1 1 0 1
881 1 1 0 0 0 1 1 1 0 1 1 0 1 0 1 1 0 0 0 0
882 0 0 0 1 0 0 1 0 0 1 1 1 1 1 1 1 0 0 0 1
883 1 0 0 0 0 0 0 1 0 1 0 0 1 0 1 1 0 0 0 1
884 0 1 1 0 0 1 1 0 1 1 1 1 1 1 1 1 0 1 0 0
885 1 1 0 0 0 1 1 0 1 1 1 0 0 0 1 1 1 0 0 0
886 0 0 0 0 0 0 0 1 0 0 0 0 1 0 0 0 0 0 0 0
887 0 1 0 0 0 0 0 0 1 1 1 0 1 0 0 1 0 0 0 0
888 0 1 0 0 0 0 0 0 0 0 0 0 0 0 0 0 0 0 0 0
889 0 1 0 1 0 0 1 0 0 1 0 1 1 0 0 0 1 0 0 0
890 1 0 1 1 0 1 1 0 0 1 1 1 1 0 1 1 1 0 0 0
891 0 1 1 0 0 0 1 1 0 1 1 1 0 0 1 1 0 0 0 0
892 0 1 1 0 0 0 1 0 1 1 1 1 1 0 0 1 0 0 0 1
893 1 1 0 1 1 0 1 0 0 0 1 0 1 0 1 1 1 1 0 0
894 0 1 0 1 1 1 1 1 1 1 1 0 1 1 1 0 0 0 0 1
895 0 1 1 1 1 0 1 1 1 1 1 0 1 0 1 1 0 0 0 1
896 1 1 1 1 1 1 1 1 1 1 1 1 1 1 1 1 0 1 0 1
897 0 1 1 1 1 1 0 1 1 1 1 1 1 1 0 1 1 0 0 0
898 1 1 0 1 1 1 1 1 1 1 1 1 1 0 1 1 0 1 0 1
899 0 1 0 0 0 0 0 0 1 1 1 0 1 0 1 1 0 0 0 0
900 0 0 1 1 0 1 1 1 1 1 1 1 1 0 1 1 1 0 0 0
901 0 0 0 0 0 0 0 0 0 0 1 0 1 0 0 1 0 0 0 0
902 0 1 1 0 0 1 0 0 1 1 1 0 1 0 1 1 1 0 0 0
903 1 1 1 0 0 0 1 0 1 1 1 1 1 0 1 1 0 0 0 1
904 0 0 0 0 0 1 0 0 1 1 1 0 1 0 1 1 0 0 0 0
905 0 0 0 0 0 0 0 0 0 0 0 0 0 0 0 0 0 0 0 0
906 0 1 0 0 1 1 0 0 1 1 0 0 1 0 1 0 0 0 0 0
907 0 1 1 0 0 1 0 0 0 1 1 0 1 0 1 1 0 0 0 0
908 0 0 0 0 0 0 0 0 0 0 0 0 1 0 0 0 0 0 0 0
909 1 1 1 1 0 0 0 1 1 1 1 0 1 0 1 1 0 0 0 1
910 0 1 1 1 1 1 1 0 1 1 1 0 1 1 1 1 0 1 0 1
911 0 0 0 0 0 0 0 0 0 1 0 0 0 0 1 1 0 0 0 0
912 0 1 1 1 0 1 1 1 1 1 1 1 1 1 1 1 0 0 1 1
913 0 0 0 0 0 0 0 0 0 0 0 0 1 0 0 1 0 0 0 0
914 0 0 0 0 0 0 0 0 0 0 0 0 1 0 0 1 0 0 0 0
915 0 0 0 0 0 0 0 1 0 0 0 0 0 0 0 0 0 0 0 0
916 0 1 0 1 0 1 1 0 0 1 1 0 1 1 0 0 0 0 0 0
917 0 0 0 0 0 1 1 0 1 1 1 1 1 0 0 1 0 0 0 0
918 1 1 1 1 1 1 1 1 1 1 1 1 1 1 1 1 1 0 1 1
919 0 0 0 0 0 0 0 0 0 0 0 0 0 0 0 0 0 0 0 0
920 1 1 1 1 1 1 1 1 1 1 1 1 1 0 1 1 1 0 1 0
921 0 0 0 0 0 1 1 0 1 1 1 1 1 0 1 1 1 0 0 0
922 1 0 0 0 0 1 0 0 0 1 0 0 1 0 1 0 0 0 0 0
923 0 1 0 1 0 1 0 0 1 0 0 1 0 0 0 1 0 0 0 0
924 0 0 0 0 1 0 0 0 0 1 1 0 1 1 0 1 0 0 0 0
925 0 0 0 0 0 0 0 0 1 1 1 0 1 0 1 0 0 0 0 0
926 0 0 1 0 0 0 0 0 0 0 0 0 1 0 1 1 0 0 0 0
927 0 1 0 1 0 1 1 0 1 1 1 0 1 0 1 1 1 0 0 0
928 0 1 1 1 1 1 1 1 1 1 1 1 1 0 1 1 1 0 0 1
929 0 1 1 1 1 1 1 1 1 1 1 1 1 1 1 1 1 0 0 1
930 1 1 1 1 0 1 1 0 0 1 1 1 1 0 1 1 1 0 0 1
931 1 1 1 1 0 1 1 1 0 1 1 0 1 0 1 1 1 1 0 1
932 0 0 0 0 0 1 1 0 1 1 1 0 1 0 1 1 0 0 0 0
933 0 1 0 0 0 0 1 0 1 1 1 0 1 0 0 1 0 0 0 0
934 0 1 1 1 0 0 1 0 1 1 1 1 1 0 1 1 0 0 0 0
935 0 1 1 1 0 1 1 1 1 1 1 1 1 1 1 1 1 0 0 1
936 0 1 0 1 0 1 1 0 0 0 1 1 1 0 1 1 0 0 0 0
937 1 1 1 1 1 1 1 1 1 1 1 1 1 1 1 1 0 1 0 1
938 0 0 0 0 0 0 0 0 0 0 1 0 1 0 1 1 1 0 0 1
939 0 1 0 0 0 1 0 0 0 0 1 0 0 0 0 0 0 0 0 0
940 1 1 0 1 0 1 1 1 1 1 1 1 1 1 1 1 1 0 0 1
941 0 1 1 1 1 1 1 1 1 1 1 1 1 1 1 1 1 0 1 1
942 0 1 1 0 0 1 0 0 1 0 0 0 1 1 0 1 0 0 0 1
943 0 1 0 0 0 0 0 0 0 1 1 0 1 0 0 1 0 0 0 0
944 0 0 0 0 1 1 1 0 0 1 1 1 1 0 0 1 0 0 0 0
945 0 0 0 1 0 0 0 0 0 1 1 0 1 0 0 1 0 0 0 1
946 0 1 0 1 0 1 0 1 1 1 1 1 1 0 1 1 1 0 0 0
947 0 0 0 0 0 0 0 0 0 0 1 0 1 0 1 0 0 0 0 0
948 0 0 0 0 1 1 1 1 1 0 1 1 1 1 0 1 1 0 0 0
949 0 1 1 1 1 1 1 1 0 1 1 0 1 0 1 1 1 0 0 1
950 0 0 0 1 0 1 1 0 0 1 0 1 1 1 0 1 0 0 0 0
951 0 1 0 0 1 1 0 0 1 1 1 0 1 0 1 1 1 0 0 1
952 0 0 0 0 0 0 0 0 0 0 0 0 0 0 0 0 0 0 0 0
953 0 1 0 1 0 1 0 0 1 1 1 1 1 1 1 1 1 0 0 1
954 0 0 1 1 0 1 0 0 1 1 1 1 1 0 1 1 1 0 0 1
955 0 0 0 0 0 0 0 0 0 0 0 0 0 0 0 0 0 0 0 0
956 0 0 1 0 0 1 0 1 1 1 1 1 1 1 0 0 0 0 0 0
957 0 0 1 0 0 1 1 1 0 0 1 0 1 0 1 1 0 0 0 0
958 1 1 1 1 0 1 1 1 1 1 1 1 1 0 1 1 1 0 0 1
959 0 0 1 1 1 1 1 1 1 1 1 1 1 0 1 1 0 0 0 1
960 1 1 1 1 1 1 1 1 1 1 1 1 1 1 1 1 0 1 0 1
961 0 0 0 0 0 0 0 1 0 1 0 0 1 0 0 0 0 0 0 0
962 0 0 0 1 0 1 0 0 1 0 0 0 0 0 0 0 0 0 0 0
963 1 1 1 1 0 1 1 1 1 1 1 1 1 1 1 1 0 1 0 0
964 0 1 0 1 1 1 1 0 1 1 1 1 1 1 1 1 1 0 0 0
965 0 0 0 1 0 0 1 0 0 1 1 0 1 0 1 1 0 0 0 0
966 0 0 0 0 0 0 0 0 0 0 0 0 0 0 0 0 0 0 0 0
967 0 0 0 0 0 0 0 0 0 1 0 1 0 0 0 1 0 0 0 0
968 1 1 1 1 1 1 1 1 1 1 1 1 1 1 1 1 1 0 0 1
969 0 1 1 1 1 1 1 1 1 1 1 1 1 1 1 1 0 1 0 1
970 1 1 0 0 1 0 1 1 0 0 1 0 1 1 0 1 0 0 0 0
971 0 1 0 1 0 1 1 1 1 1 1 0 1 1 1 1 0 0 0 0
972 0 0 1 1 0 1 0 0 1 1 1 1 0 0 0 1 0 0 0 0
973 0 0 0 0 0 0 0 0 0 0 0 0 0 0 0 0 0 0 0 0
974 0 0 0 0 0 0 0 0 0 1 1 0 1 0 0 1 0 0 0 0
975 0 1 0 0 1 0 1 0 1 1 1 0 1 1 1 1 0 0 0 1
976 1 1 1 1 0 0 1 1 1 1 1 0 1 1 1 1 0 0 0 0
977 0 1 1 1 0 1 1 0 1 1 1 0 1 0 1 1 0 0 0 0
978 0 0 0 0 0 0 0 0 0 0 0 0 1 0 0 0 0 0 0 0
979 0 0 0 0 0 0 1 0 0 1 1 0 1 0 0 1 0 1 0 0
980 1 1 1 1 0 1 0 1 1 1 1 1 1 1 1 1 0 1 0 1
981 0 0 1 0 0 0 1 1 0 0 0 0 1 0 1 0 0 0 0 1
982 0 1 1 0 0 1 1 0 0 1 1 0 0 0 0 0 0 0 0 0
983 0 0 1 0 0 0 0 0 1 1 1 0 1 1 0 1 0 0 0 1
984 0 1 1 1 1 0 1 1 1 1 1 1 1 1 1 1 1 1 0 1
985 0 0 0 1 0 1 1 0 0 1 1 0 1 0 1 1 0 0 0 1
986 0 0 0 0 0 1 0 0 0 0 0 0 1 0 0 0 0 0 0 0
987 0 1 0 1 0 0 1 1 0 1 1 1 1 0 1 1 0 0 0 1
988 1 1 1 1 1 1 1 1 1 1 1 1 1 1 1 1 1 0 0 1
989 1 1 1 1 1 1 1 1 1 1 1 1 1 1 1 1 0 0 1 1
990 1 1 0 1 0 0 1 1 1 1 1 1 1 0 1 1 0 0 0 0
991 0 1 1 1 0 1 0 1 0 1 1 0 1 0 1 1 0 1 0 0
992 1 0 0 1 0 0 1 0 0 0 1 0 1 0 1 1 1 0 0 0
993 0 1 1 1 0 1 1 1 0 1 1 1 1 0 1 1 1 0 0 1
994 0 0 0 0 0 0 1 0 0 0 0 0 1 0 0 0 0 0 0 0
995 1 1 1 1 1 0 1 0 1 1 1 1 1 0 1 1 1 0 0 0
996 0 0 0 0 0 0 0 0 0 1 0 0 1 0 1 1 0 0 0 0
997 0 0 0 0 0 0 0 0 0 0 0 0 0 0 0 0 0 0 0 0
998 0 1 0 1 1 0 1 1 1 1 1 1 1 0 1 1 0 1 0 0
999 0 0 0 0 0 0 0 0 0 0 1 0 0 0 0 0 0 0 0 0
1000 0 0 0 0 0 0 1 0 0 0 0 0 0 0 0 0 0 0 0 0
