       11101001000
       21100110000
       31111000000
       41110010000
       51101110000
       61110000000
       71111000100
       81011011000
       91000000010
      101010001000
      111101011000
      121011111000
      131101000011
      141100100000
      151111110000
      161110011000
      171011011101
      181101100000
      191111100000
      201001001000
      211111000000
      220010001000
      231100001000
      241011010000
      251101101000
      261111110100
      271111010000
      280101100000
      290110001101
      301111100110
      311110011000
      321111100010
      331110101100
      341100110101
      351111110001
      361111000000
      371101000000
      381111001000
      391111110010
      401111110100
      411010111100
      421111110000
      431111000100
      440010011100
      451110110001
      461101001000
      471000010000
      481110000000
      491010101000
      501101001000
      511110110010
      521101010000
      531101001110
      541010000100
      551110110000
      561111101000
      571110110000
      581111110100
      591000000000
      601110110110
      611111110111
      621101111000
      631011011000
      641111100000
      651001110100
      661111100110
      671111110000
      680110100000
      691110000000
      701110001100
      711101101100
      721110011011
      731110111000
      741110111111
      751111111000
      761100111100
      771101010100
      780111100000
      791010000000
      801111111100
      811101100010
      821001000100
      830110110000
      841111011000
      851010100010
      861110111001
      871111110110
      881111101000
      891110010000
      901100100000
      911101110000
      921111110100
      931111111100
      941111100100
      951111001101
      961111011000
      970100000000
      981010100100
      991111001100
     1001111000001
     1011101110111
     1020111110000
     1031111011000
     1041110100000
     1051011101000
     1061101100001
     1071111111100
     1081101001110
     1091110101000
     1101110000000
     1111111000000
     1121111111110
     1131110001000
     1141010010000
     1151111000000
     1161111100000
     1171011101000
     1181011010010
     1191111001000
     1201101110000
     1211101000100
     1221111111010
     1231100101100
     1241110110111
     1250110011000
     1261111011011
     1271111101101
     1281001101000
     1291111010011
     1301110011010
     1311010111111
     1321111011010
     1331110101001
     1341111100100
     1351110010000
     1361110000001
     1371110111000
     1381111010011
     1391111111001
     1401110110000
     1411100110000
     1421110000000
     1431010010000
     1441111111000
     1451100110010
     1461101100110
     1471001110011
     1481111110111
     1491100010100
     1501111111010
     1511110100000
     1521100100000
     1530011100000
     1541100100000
     1551010100000
     1561110100000
     1571111011010
     1581111001010
     1591000000100
     1600101000000
     1611111000010
     1621101011010
     1631101110010
     1640101011000
     1651111010100
     1660100000000
     1671011100000
     1681100101100
     1690111111000
     1700100000000
     1711011000001
     1720110000000
     1731011001000
     1741111011001
     1751111000010
     1760111010000
     1771010010000
     1781110000000
     1791111111101
     1801110010000
     1811111110000
     1821111100100
     1830111001100
     1840100010000
     1851000000100
     1861100001000
     1871100001110
     1881110001100
     1891101100000
     1901111011010
     1911110100000
     1921001010000
     1931011000000
     1941010101000
     1951010100000
     1960110000000
     1970100001010
     1980011011100
     1991101000000
     2001100000000
     2011100001000
     2020100000000
     2031111111000
     2041110001100
     2050101100100
     2061001000100
     2071100000000
     2080100000001
     2091101000000
     2101010000000
     2111100000000
     2121010110100
     2130111001001
     2141111100000
     2151111100000
     2161101000100
     2171111010000
     2181110001000
     2190000000000
     2200010010000
     2210110000000
     2221001010000
     2231111001000
     2241110101001
     2251000010000
     2260101010010
     2271011100000
     2281100100000
     2291010010000
     2301101001000
     2311110000001
     2321011101000
     2330010000000
     2341011000000
     2351110000010
     2360111010000
     2371110001000
     2380111000000
     2391110100001
     2400111000000
     2411111000000
     2421111010100
     2431110010110
     2441110100000
     2451010001000
     2461110110110
     2471011001000
     2481110001110
     2490100100000
     2501100010001
     2511110101010
     2521111110010
     2531111100000
     2541111100011
     2551110110000
     2561111001000
     2571111111100
     2581110110100
     2591110111010
     2601100110000
     2611010100001
     2621110011010
     2631111111100
     2641111100111
     2651111001000
     2661110010000
     2670111111010
     2681111101000
     2691101010000
     2701110001010
     2711111111111
     2721111111000
     2731111101110
     2741001000010
     2751101100100
     2761111101010
     2771111101100
     2781101111000
     2791111111000
     2801111101100
     2811111001000
     2821111101100
     2831111001000
     2841101010000
     2851011110100
     2861111000100
     2871110100100
     2881011011110
     2891110111000
     2901000000000
     2911111111100
     2921111010100
     2931111100100
     2941111001000
     2951111101111
     2961111111100
     2971100101000
     2981111011000
     2991111110100
     3001111111101
     3011110001100
     3021111001001
     3031111111100
     3041011001010
     3051011001000
     3061111111110
     3071111101100
     3081101111100
     3091011110100
     3101110100001
     3111111111010
     3121110101000
     3131111101001
     3140111110000
     3151101111010
     3161101011000
     3171110000000
     3181001000100
     3191100010000
     3201111000000
     3211010101100
     3221111111100
     3231111001100
     3241110001000
     3251100010000
     3261010000100
     3271101101101
     3281111000110
     3291111100100
     3301101000100
     3311111000000
     3321111111000
     3331110110000
     3341011110100
     3350100010000
     3361111111100
     3371111110000
     3381111111000
     3391111110000
     3401111100100
     3411111010010
     3421101101101
     3431111101100
     3441010000100
     3451111110100
     3461111110110
     3471011010000
     3481111100010
     3491010010000
     3501101111000
     3511111101000
     3521111100000
     3531111110010
     3541111111100
     3551111000010
     3561101101100
     3571010010000
     3581111110100
     3591110110000
     3601111010000
     3611101000000
     3621111110000
     3631111110010
     3641101111110
     3651100010000
     3661111101100
     3670101110000
     3681110110001
     3691101000110
     3701101111000
     3711111100000
     3721111000100
     3731010011000
     3741010111000
     3751111100100
     3761110100000
     3771101100000
     3781011100001
     3790010100010
     3800110100000
     3811110110100
     3821110101000
     3831111010010
     3841101000100
     3851111010010
     3860011001000
     3871000001000
     3881010100000
     3891101101010
     3901111010000
     3911000000000
     3921111100010
     3930111111000
     3940001110000
     3951111001001
     3961010010000
     3970011010000
     3981010111101
     3990100100010
     4001011100000
     4011111110100
     4020101000000
     4031111100000
     4040011000000
     4051110001000
     4060110000000
     4071111010100
     4081100001100
     4091101100000
     4100111001000
     4111011100110
     4121001000000
     4131100100111
     4141011001000
     4151111111010
     4161100101000
     4171110001000
     4181100000100
     4190011010100
     4201110000000
     4211101100010
     4221111110000
     4231100001110
     4241110101110
     4251110110010
     4261000010000
     4271110010000
     4281101100010
     4291110101000
     4301110100000
     4311110010001
     4321101011000
     4330111000100
     4341010001000
     4351101100000
     4361101101010
     4370101100000
     4381100010100
     4391011100010
     4400110001100
     4410111000000
     4420000101000
     4431111000101
     4441010100000
     4451101100000
     4461010111100
     4471111001000
     4481111111000
     4491101100000
     4501010101000
     4511111100000
     4521111111000
     4531111011000
     4541111100101
     4551100111011
     4561011110000
     4571110000000
     4581111000000
     4591110110000
     4601111110010
     4611110110001
     4621111110010
     4631011011001
     4641110100100
     4651100000010
     4661100010100
     4670111100000
     4680111111100
     4691010101001
     4701110010001
     4711111011100
     4721110101000
     4730111010100
     4741111001100
     4751111100000
     4761110111010
     4771100100000
     4781111101000
     4791011000001
     4800111111000
     4811110111010
     4821111100100
     4831100101000
     4840010100110
     4851101111000
     4860111101000
     4870110000000
     4881111000100
     4891100101000
     4901010110100
     4911110000000
     4921101000000
     4931111000000
     4941111001100
     4951101000000
     4960101111000
     4971111011000
     4981111111000
     4991101110000
     5001110011000
     5011111111100
     5021111011000
     5031110101001
     5041011001000
     5050000001000
     5061111111100
     5070111100000
     5081100010000
     5091100110000
     5101110000010
     5111111010000
     5120111101001
     5131110101110
     5141100111100
     5150101000000
     5161111010100
     5171111001001
     5181110001000
     5191000000000
     5201110000000
     5211111000000
     5221101101100
     5231111111100
     5240110100000
     5251010101010
     5261000000000
     5271111100110
     5281111111100
     5291100000000
     5301111000000
     5311110001000
     5321101100100
     5331111111000
     5341111101100
     5351101110100
     5361100011000
     5371110101000
     5381111011100
     5391111001101
     5401110110100
     5411101101000
     5421101100000
     5431111111110
     5440011111000
     5451110110100
     5461101111100
     5471010001000
     5481010011110
     5491101101101
     5501111000000
     5511101001100
     5521111111101
     5531100110100
     5541110001101
     5551111110100
     5561110110101
     5571111100001
     5581111100000
     5591101000000
     5601111011100
     5611110111010
     5621111110011
     5631111010100
     5641111011100
     5651101111111
     5661110111110
     5671110001000
     5681110100000
     5690111100100
     5701010110000
     5711110010000
     5721101000010
     5731100001000
     5741011011100
     5751111101101
     5760110001110
     5770111000001
     5781011111101
     5791111111101
     5801011111011
     5811111100101
     5821111010000
     5831111111011
     5841010000010
     5851111011100
     5861011110110
     5870110101101
     5881110100110
     5891010111100
     5901111111101
     5911111001111
     5921111111100
     5931111001111
     5941111001000
     5951111111111
     5961111111010
     5970111110100
     5981101110100
     5991111111100
     6001101111110
     6011111100111
     6021111101101
     6031111101101
     6041111101110
     6051111110011
     6061111000110
     6071111010000
     6081111110100
     6091111111110
     6101111110100
     6111111111110
     6121111111111
     6131111111111
     6141111111111
     6151111111010
     6161111111100
     6171111111101
     6181101110001
     6191011111010
     6200110101000
     6211111100110
     6221111111100
     6231110110001
     6241110001011
     6251110111100
     6261110110000
     6271111111100
     6281111100000
     6291111111100
     6300111100000
     6311111101011
     6321111110110
     6331011111110
     6341111111110
     6351110111110
     6361111111000
     6371111111111
     6381111111000
     6391111111001
     6401111000010
     6411110111001
     6421101010110
     6431111011001
     6441110111111
     6451111101000
     6461101010001
     6471111111100
     6481111011110
     6491111111100
     6501010111100
     6511111001010
     6520110010010
     6530111000000
     6541101011000
     6551011101000
     6561011100001
     6571110000100
     6581111011000
     6591010110000
     6601101000000
     6611111011100
     6620110000100
     6631111010010
     6641110111000
     6650110000000
     6660100011100
     6671101101010
     6681111010100
     6691111100000
     6701101100100
     6711111100010
     6721110000110
     6731111011000
     6741001000000
     6750110100000
     6761000101000
     6771011110000
     6781110000100
     6791111010000
     6801011100000
     6811110101100
     6821011010000
     6831110100000
     6841111010101
     6851111101000
     6861110111110
     6871010111001
     6881111000010
     6891101001010
     6901110101000
     6911101110000
     6921110100000
     6930100001000
     6941111111000
     6951101000100
     6961101000000
     6971111100000
     6981011000000
     6991111100100
     7001111101010
     7010111111000
     7021111100000
     7031100111010
     7041111110000
     7051011010000
     7060001000000
     7071111000011
     7081010101100
     7091100110000
     7101110000000
     7111111010100
     7121011000000
     7131110101001
     7141111000100
     7151110000010
     7160110110100
     7171010000000
     7181101110000
     7191000000000
     7201111000000
     7211110011001
     7221001000000
     7231011010000
     7241111010000
     7251101100010
     7261100000000
     7271011001100
     7281111111000
     7291111000100
     7301110010000
     7310111100000
     7321001001000
     7331010000000
     7341101101010
     7351011000000
     7361111110110
     7371110010011
     7381100001000
     7391101011000
     7400111001001
     7411111110110
     7421111000000
     7431111111100
     7441011101010
     7451111010000
     7460100000000
     7471100000100
     7481100100000
     7491111001000
     7501100000000
     7511100000000
     7521010001000
     7531111011000
     7541111000000
     7551101010010
     7561101111000
     7571100110000
     7581000000000
     7591111100010
     7601110110110
     7611110111011
     7621111000100
     7630110010010
     7641111001000
     7651111111100
     7661111010000
     7671000001010
     7681111011100
     7691111110000
     7701101010000
     7711110110000
     7721101110000
     7731101111000
     7741111011000
     7751010100001
     7761010100010
     7771011000001
     7781111000000
     7791010100011
     7801110110100
     7811110010000
     7820111110000
     7831110000100
     7841111110111
     7851111011000
     7861001101100
     7871101010100
     7881101001000
     7891111100101
     7901111011100
     7911000111100
     7921101100000
     7931110110110
     7941100000000
     7951110010000
     7960110011100
     7971111100001
     7981110000101
     7991110010000
     8001010010000
     8011111000000
     8021100111101
     8031010011000
     8041111110010
     8051110101000
     8061110111000
     8071101111100
     8081111101110
     8091111111111
     8101110110000
     8111010000010
     8121111011010
     8131110100000
     8141111001110
     8151011100000
     8161111111101
     8171101101000
     8181111111110
     8191111011000
     8201101110100
     8211111111001
     8221011101010
     8231111101100
     8241111110110
     8251111111100
     8261011000000
     8271111001000
     8281111010010
     8291101111110
     8301111110111
     8311111111000
     8321111100000
     8331110000000
     8341111101101
     8351101101010
     8361101011100
     8371110100000
     8381100011000
     8391111010000
     8401111000000
     8411111111101
     8421111100000
     8431101010110
     8441111101100
     8451110111010
     8461110111100
     8471111100110
     8481111101110
     8491101100000
     8501110000000
     8511110010100
     8521011000000
     8531111110000
     8540100010000
     8550100000000
     8561100001000
     8571011010010
     8581111000100
     8591110000000
     8600111011000
     8611111100000
     8621010000010
     8631110100001
     8640110010000
     8651010101000
     8660000000000
     8670011101010
     8680111000000
     8691000101000
     8701000100000
     8711111111010
     8721101000000
     8731010000000
     8741110100000
     8751000110000
     8761100000000
     8770010000000
     8781111011000
     8791011100100
     8801111000000
     8810010000100
     8821100100000
     8831101011000
     8841110000000
     8851110001000
     8860101101111
     8871111111100
     8881010001010
     8891010100100
     8901001100000
     8911111100000
     8921110001000
     8931100000000
     8941100000100
     8951110000000
     8961100000000
     8971110001000
     8981010100000
     8991000110000
     9001111000000
     9011110000101
     9021111110000
     9031110000000
     9041111011011
     9051011111000
     9061110110000
     9070111111110
     9081111000100
     9091011000000
     9101111010001
     9111111100001
     9121111110110
     9131111010000
     9141111101000
     9151010101000
     9160100000100
     9171101110100
     9181111101100
     9191110000100
     9201111110010
     9211111010000
     9221111100100
     9231111101000
     9241011111110
     9251110110000
     9261111101110
     9271111111000
     9281110110000
     9291001101000
     9301111011011
     9311111000000
     9321110011000
     9331110101101
     9341110111110
     9350111111101
     9361111111010
     9371111100000
     9380111110000
     9391111111101
     9401111101011
     9411111010101
     9421111010100
     9431001111000
     9441110000000
     9450100001100
     9461101101000
     9471111010000
     9481111101010
     9491110101011
     9501111100100
     9511110010100
     9521111001100
     9531111100000
     9541110000010
     9551010101000
     9561110101110
     9571010110000
     9581110110110
     9591010101000
     9601101010000
     9611111110000
     9621110010101
     9631111101101
     9640100000100
     9650100000000
     9661111100100
     9671111100000
     9680110100000
     9690110101000
     9701000011000
     9711111001100
     9721110000000
     9731111110000
     9741110100000
     9751010000000
     9761000010000
     9771111101010
     9781101100001
     9791110100001
     9801110010000
     9811101011000
     9821110000000
     9831110010100
     9841101100001
     9851111011100
     9861011000000
     9871101100101
     9881101100110
     9891111100000
     9900111000000
     9911111100100
     9921011000000
     9931101001000
     9941010010100
     9951011000000
     9961110101010
     9971101010110
     9981100100000
     9991111110000
    10001100001000
