   1  1  1 18 1 1 0 1 0 0 1 0 0 0
   2  2  1 18 1 1 0 0 1 1 0 0 0 0
   3  3  1 16 1 1 1 1 0 0 0 0 0 0
   4  4  1 18 1 1 1 0 0 1 0 0 0 0
   5  5  1 16 1 1 0 1 1 1 0 0 0 0
   6  6  1 17 1 1 1 0 0 0 0 0 0 0
   7  7  1 17 1 1 1 1 0 0 0 1 0 0
   8  8  1 16 1 0 1 1 0 1 1 0 0 0
   9  9  1 17 1 0 0 0 0 0 0 0 1 0
  10 10  1 18 1 0 1 0 0 0 1 0 0 0
  11 11  1 17 1 1 0 1 0 1 1 0 0 0
  12 12  1 16 1 0 1 1 1 1 1 0 0 0
  13 13  1 17 1 1 0 1 0 0 0 0 1 1
  14 14  1 16 1 1 0 0 1 0 0 0 0 0
  15 15  1 17 1 1 1 1 1 1 0 0 0 0
  16 16  1 17 1 1 1 0 0 1 1 0 0 0
  17 17  1 17 1 0 1 1 0 1 1 1 0 1
  18 18  1 17 1 1 0 1 1 0 0 0 0 0
  19 19  1 16 1 1 1 1 1 0 0 0 0 0
  20 20  1 17 1 0 0 1 0 0 1 0 0 0
  21 21  1 16 1 1 1 1 0 0 0 0 0 0
  22 22  1 16 0 0 1 0 0 0 1 0 0 0
  23 23  1 17 1 1 0 0 0 0 1 0 0 0
  24 24  1 15 1 0 1 1 0 1 0 0 0 0
  25 25  1 17 1 1 0 1 1 0 1 0 0 0
  26 26  1 17 1 1 1 1 1 1 0 1 0 0
  27 27  1 16 1 1 1 1 0 1 0 0 0 0
  28 28  1 18 0 1 0 1 1 0 0 0 0 0
  29 29  1 16 0 1 1 0 0 0 1 1 0 1
  30 30  1 17 1 1 1 1 1 0 0 1 1 0
  31 31  1 17 1 1 1 0 0 1 1 0 0 0
  32 32  1 17 1 1 1 1 1 0 0 0 1 0
  33 33  1 16 1 1 1 0 1 0 1 1 0 0
  34 34  1 17 1 1 0 0 1 1 0 1 0 1
  35 35  1 17 1 1 1 1 1 1 0 0 0 1
  36 36  1 17 1 1 1 1 0 0 0 0 0 0
  37 37  1 13 1 1 0 1 0 0 0 0 0 0
  38 38  1 16 1 1 1 1 0 0 1 0 0 0
  39 39  1 19 1 1 1 1 1 1 0 0 1 0
  40 40  1 16 1 1 1 1 1 1 0 1 0 0
  41 41  1 16 1 0 1 0 1 1 1 1 0 0
  42 42  1 14 1 1 1 1 1 1 0 0 0 0
  43 43  1 17 1 1 1 1 0 0 0 1 0 0
  44 44  1 17 0 0 1 0 0 1 1 1 0 0
  45 45  1 16 1 1 1 0 1 1 0 0 0 1
  46 46  1 18 1 1 0 1 0 0 1 0 0 0
  47 47  1 19 1 0 0 0 0 1 0 0 0 0
  48 48  1 17 1 1 1 0 0 0 0 0 0 0
  49 49  1 18 1 0 1 0 1 0 1 0 0 0
  50 50  1 16 1 1 0 1 0 0 1 0 0 0
  51  1  2 15 1 1 1 0 1 1 0 0 1 0
  52  2  2 17 1 1 0 1 0 1 0 0 0 0
  53  3  2 19 1 1 0 1 0 0 1 1 1 0
  54  4  2 17 1 0 1 0 0 0 0 1 0 0
  55  5  2 17 1 1 1 0 1 1 0 0 0 0
  56  6  2 16 1 1 1 1 1 0 1 0 0 0
  57  7  2 15 1 1 1 0 1 1 0 0 0 0
  58  8  2 16 1 1 1 1 1 1 0 1 0 0
  59  9  2 17 1 0 0 0 0 0 0 0 0 0
  60 10  2 19 1 1 1 0 1 1 0 1 1 0
  61 11  2 20 1 1 1 1 1 1 0 1 1 1
  62 12  2 18 1 1 0 1 1 1 1 0 0 0
  63 13  2 17 1 0 1 1 0 1 1 0 0 0
  64 14  2 17 1 1 1 1 1 0 0 0 0 0
  65 15  2 16 1 0 0 1 1 1 0 1 0 0
  66 16  2 19 1 1 1 1 1 0 0 1 1 0
  67 17  2 19 1 1 1 1 1 1 0 0 0 0
  68 18  2 15 0 1 1 0 1 0 0 0 0 0
  69 19  2 16 1 1 1 0 0 0 0 0 0 0
  70 20  2 15 1 1 1 0 0 0 1 1 0 0
  71 21  2 17 1 1 0 1 1 0 1 1 0 0
  72 22  2 17 1 1 1 0 0 1 1 0 1 1
  73 23  2 19 1 1 1 0 1 1 1 0 0 0
  74 24  2 17 1 1 1 0 1 1 1 1 1 1
  75 25  2 18 1 1 1 1 1 1 1 0 0 0
  76 26  2 17 1 1 0 0 1 1 1 1 0 0
  77 27  2 16 1 1 0 1 0 1 0 1 0 0
  78 28  2 18 0 1 1 1 1 0 0 0 0 0
  79 29  2 16 1 0 1 0 0 0 0 0 0 0
  80 30  2 18 1 1 1 1 1 1 1 1 0 0
  81 31  2 14 1 1 0 1 1 0 0 0 1 0
  82 32  2 17 1 0 0 1 0 0 0 1 0 0
  83 33  2 17 0 1 1 0 1 1 0 0 0 0
  84 34  2 17 1 1 1 1 0 1 1 0 0 0
  85 35  2 16 1 0 1 0 1 0 0 0 1 0
  86 36  2 17 1 1 1 0 1 1 1 0 0 1
  87 37  2 18 1 1 1 1 1 1 0 1 1 0
  88 38  2 18 1 1 1 1 1 0 1 0 0 0
  89 39  2 18 1 1 1 0 0 1 0 0 0 0
  90 40  2 18 1 1 0 0 1 0 0 0 0 0
  91 41  2 16 1 1 0 1 1 1 0 0 0 0
  92 42  2 17 1 1 1 1 1 1 0 1 0 0
  93 43  2 15 1 1 1 1 1 1 1 1 0 0
  94 44  2 15 1 1 1 1 1 0 0 1 0 0
  95 45  2 17 1 1 1 1 0 0 1 1 0 1
  96 46  2 17 1 1 1 1 0 1 1 0 0 0
  97 47  2 17 0 1 0 0 0 0 0 0 0 0
  98 48  2 15 1 0 1 0 1 0 0 1 0 0
  99 49  2 17 1 1 1 1 0 0 1 1 0 0
 100 50  2 19 1 1 1 1 0 0 0 0 0 1
 101  1  3 17 1 1 0 1 1 1 0 1 1 1
 102  2  3 18 0 1 1 1 1 1 0 0 0 0
 103  3  3 18 1 1 1 1 0 1 1 0 0 0
 104  4  3 16 1 1 1 0 1 0 0 0 0 0
 105  5  3 17 1 0 1 1 1 0 1 0 0 0
 106  6  3 17 1 1 0 1 1 0 0 0 0 1
 107  7  3 18 1 1 1 1 1 1 1 1 0 0
 108  8  3 16 1 1 0 1 0 0 1 1 1 0
 109  9  3 16 1 1 1 0 1 0 1 0 0 0
 110 10  3 16 1 1 1 0 0 0 0 0 0 0
 111 11  3 16 1 1 1 1 0 0 0 0 0 0
 112 12  3 20 1 1 1 1 1 1 1 1 1 0
 113 13  3 16 1 1 1 0 0 0 1 0 0 0
 114 14  3 18 1 0 1 0 0 1 0 0 0 0
 115 15  3 17 1 1 1 1 0 0 0 0 0 0
 116 16  3 17 1 1 1 1 1 0 0 0 0 0
 117 17  3 18 1 0 1 1 1 0 1 0 0 0
 118 18  3 18 1 0 1 1 0 1 0 0 1 0
 119 19  3 15 1 1 1 1 0 0 1 0 0 0
 120 20  3 16 1 1 0 1 1 1 0 0 0 0
 121 21  3 15 1 1 0 1 0 0 0 1 0 0
 122 22  3 16 1 1 1 1 1 1 1 0 1 0
 123 23  3 15 1 1 0 0 1 0 1 1 0 0
 124 24  3 17 1 1 1 0 1 1 0 1 1 1
 125 25  3 16 0 1 1 0 0 1 1 0 0 0
 126 26  3 14 1 1 1 1 0 1 1 0 1 1
 127 27  3 17 1 1 1 1 1 0 1 1 0 1
 128 28  3 17 1 0 0 1 1 0 1 0 0 0
 129 29  3 16 1 1 1 1 0 1 0 0 1 1
 130 30  3 16 1 1 1 0 0 1 1 0 1 0
 131 31  3 20 1 0 1 0 1 1 1 1 1 1
 132 32  3 17 1 1 1 1 0 1 1 0 1 0
 133 33  3 18 1 1 1 0 1 0 1 0 0 1
 134 34  3 15 1 1 1 1 1 0 0 1 0 0
 135 35  3 16 1 1 1 0 0 1 0 0 0 0
 136 36  3 15 1 1 1 0 0 0 0 0 0 1
 137 37  3 17 1 1 1 0 1 1 1 0 0 0
 138 38  3 19 1 1 1 1 0 1 0 0 1 1
 139 39  3 18 1 1 1 1 1 1 1 0 0 1
 140 40  3 19 1 1 1 0 1 1 0 0 0 0
 141 41  3 16 1 1 0 0 1 1 0 0 0 0
 142 42  3 18 1 1 1 0 0 0 0 0 0 0
 143 43  3 16 1 0 1 0 0 1 0 0 0 0
 144 44  3 17 1 1 1 1 1 1 1 0 0 0
 145 45  3 18 1 1 0 0 1 1 0 0 1 0
 146 46  3 16 1 1 0 1 1 0 0 1 1 0
 147 47  3 15 1 0 0 1 1 1 0 0 1 1
 148 48  3 19 1 1 1 1 1 1 0 1 1 1
 149 49  3 15 1 1 0 0 0 1 0 1 0 0
 150 50  3 17 1 1 1 1 1 1 1 0 1 0
 151  1  4 18 1 1 1 0 1 0 0 0 0 0
 152  2  4 17 1 1 0 0 1 0 0 0 0 0
 153  3  4 17 0 0 1 1 1 0 0 0 0 0
 154  4  4 17 1 1 0 0 1 0 0 0 0 0
 155  5  4 18 1 0 1 0 1 0 0 0 0 0
 156  6  4 17 1 1 1 0 1 0 0 0 0 0
 157  7  4 15 1 1 1 1 0 1 1 0 1 0
 158  8  4 16 1 1 1 1 0 0 1 0 1 0
 159  9  4 17 1 0 0 0 0 0 0 1 0 0
 160 10  4 17 0 1 0 1 0 0 0 0 0 0
 161 11  4 17 1 1 1 1 0 0 0 0 1 0
 162 12  4 17 1 1 0 1 0 1 1 0 1 0
 163 13  4 17 1 1 0 1 1 1 0 0 1 0
 164 14  4 16 0 1 0 1 0 1 1 0 0 0
 165 15  4 17 1 1 1 1 0 1 0 1 0 0
 166 16  4 18 0 1 0 0 0 0 0 0 0 0
 167 17  4 18 1 0 1 1 1 0 0 0 0 0
 168 18  4 15 1 1 0 0 1 0 1 1 0 0
 169 19  4 15 0 1 1 1 1 1 1 0 0 0
 170 20  4 19 0 1 0 0 0 0 0 0 0 0
 171 21  4 18 1 0 1 1 0 0 0 0 0 1
 172 22  4 15 0 1 1 0 0 0 0 0 0 0
 173 23  4 18 1 0 1 1 0 0 1 0 0 0
 174 24  4 17 1 1 1 1 0 1 1 0 0 1
 175 25  4 17 1 1 1 1 0 0 0 0 1 0
 176 26  4 18 0 1 1 1 0 1 0 0 0 0
 177 27  4 18 1 0 1 0 0 1 0 0 0 0
 178 28  4 17 1 1 1 0 0 0 0 0 0 0
 179 29  4 16 1 1 1 1 1 1 1 1 0 1
 180 30  4 17 1 1 1 0 0 1 0 0 0 0
 181 31  4 16 1 1 1 1 1 1 0 0 0 0
 182 32  4 17 1 1 1 1 1 0 0 1 0 0
 183 33  4 17 0 1 1 1 0 0 1 1 0 0
 184 34  4 16 0 1 0 0 0 1 0 0 0 0
 185 35  4 18 1 0 0 0 0 0 0 1 0 0
 186 36  4 16 1 1 0 0 0 0 1 0 0 0
 187 37  4 15 1 1 0 0 0 0 1 1 1 0
 188 38  4 18 1 1 1 0 0 0 1 1 0 0
 189 39  4 16 1 1 0 1 1 0 0 0 0 0
 190 40  4 16 1 1 1 1 0 1 1 0 1 0
 191 41  4 17 1 1 1 0 1 0 0 0 0 0
 192 42  4 16 1 0 0 1 0 1 0 0 0 0
 193 43  4 17 1 0 1 1 0 0 0 0 0 0
 194 44  4 19 1 0 1 0 1 0 1 0 0 0
 195 45  4 17 1 0 1 0 1 0 0 0 0 0
 196 46  4 18 0 1 1 0 0 0 0 0 0 0
 197 47  4 19 0 1 0 0 0 0 1 0 1 0
 198 48  4 15 0 0 1 1 0 1 1 1 0 0
 199 49  4 18 1 1 0 1 0 0 0 0 0 0
 200 50  4 18 1 1 0 0 0 0 0 0 0 0
 201  1  5 15 1 1 0 0 0 0 1 0 0 0
 202  2  5 16 0 1 0 0 0 0 0 0 0 0
 203  3  5 16 1 1 1 1 1 1 1 0 0 0
 204  4  5 17 1 1 1 0 0 0 1 1 0 0
 205  5  5 18 0 1 0 1 1 0 0 1 0 0
 206  6  5 16 1 0 0 1 0 0 0 1 0 0
 207  7  5 17 1 1 0 0 0 0 0 0 0 0
 208  8  5 19 0 1 0 0 0 0 0 0 0 1
 209  9  5 18 1 1 0 1 0 0 0 0 0 0
 210 10  5 18 1 0 1 0 0 0 0 0 0 0
 211 11  5 17 1 1 0 0 0 0 0 0 0 0
 212 12  5 19 1 0 1 0 1 1 0 1 0 0
 213 13  5 18 0 1 1 1 0 0 1 0 0 1
 214 14  5 16 1 1 1 1 1 0 0 0 0 0
 215 15  5 18 1 1 1 1 1 0 0 0 0 0
 216 16  5 19 1 1 0 1 0 0 0 1 0 0
 217 17  5 17 1 1 1 1 0 1 0 0 0 0
 218 18  5 18 1 1 1 0 0 0 1 0 0 0
 219 19  5 19 0 0 0 0 0 0 0 0 0 0
 220 20  5 18 0 0 1 0 0 1 0 0 0 0
 221 21  5 18 0 1 1 0 0 0 0 0 0 0
 222 22  5 18 1 0 0 1 0 1 0 0 0 0
 223 23  5 16 1 1 1 1 0 0 1 0 0 0
 224 24  5 17 1 1 1 0 1 0 1 0 0 1
 225 25  5 17 1 0 0 0 0 1 0 0 0 0
 226 26  5 17 0 1 0 1 0 1 0 0 1 0
 227 27  5 20 1 0 1 1 1 0 0 0 0 0
 228 28  5 19 1 1 0 0 1 0 0 0 0 0
 229 29  5 17 1 0 1 0 0 1 0 0 0 0
 230 30  5 17 1 1 0 1 0 0 1 0 0 0
 231 31  5 17 1 1 1 0 0 0 0 0 0 1
 232 32  5 16 1 0 1 1 1 0 1 0 0 0
 233 33  5 19 0 0 1 0 0 0 0 0 0 0
 234 34  5 19 1 0 1 1 0 0 0 0 0 0
 235 35  5 16 1 1 1 0 0 0 0 0 1 0
 236 36  5 17 0 1 1 1 0 1 0 0 0 0
 237 37  5 16 1 1 1 0 0 0 1 0 0 0
 238 38  5 19 0 1 1 1 0 0 0 0 0 0
 239 39  5 17 1 1 1 0 1 0 0 0 0 1
 240 40  5 17 0 1 1 1 0 0 0 0 0 0
 241 41  5 18 1 1 1 1 0 0 0 0 0 0
 242 42  5 17 1 1 1 1 0 1 0 1 0 0
 243 43  5 16 1 1 1 0 0 1 0 1 1 0
 244 44  5 15 1 1 1 0 1 0 0 0 0 0
 245 45  5 18 1 0 1 0 0 0 1 0 0 0
 246 46  5 15 1 1 1 0 1 1 0 1 1 0
 247 47  5 17 1 0 1 1 0 0 1 0 0 0
 248 48  5 15 1 1 1 0 0 0 1 1 1 0
 249 49  5 18 0 1 0 0 1 0 0 0 0 0
 250 50  5 16 1 1 0 0 0 1 0 0 0 1
 251  1  6 18 1 1 1 0 1 0 1 0 1 0
 252  2  6 17 1 1 1 1 1 1 0 0 1 0
 253  3  6 16 1 1 1 1 1 0 0 0 0 0
 254  4  6 19 1 1 1 1 1 0 0 0 1 1
 255  5  6 17 1 1 1 0 1 1 0 0 0 0
 256  6  6 16 1 1 1 1 0 0 1 0 0 0
 257  7  6 18 1 1 1 1 1 1 1 1 0 0
 258  8  6 17 1 1 1 0 1 1 0 1 0 0
 259  9  6 20 1 1 1 0 1 1 1 0 1 0
 260 10  6 15 1 1 0 0 1 1 0 0 0 0
 261 11  6 17 1 0 1 0 1 0 0 0 0 1
 262 12  6 18 1 1 1 0 0 1 1 0 1 0
 263 13  6 20 1 1 1 1 1 1 1 1 0 0
 264 14  6 17 1 1 1 1 1 0 0 1 1 1
 265 15  6 17 1 1 1 1 0 0 1 0 0 0
 266 16  6 18 1 1 1 0 0 1 0 0 0 0
 267 17  6 17 0 1 1 1 1 1 1 0 1 0
 268 18  6 16 1 1 1 1 1 0 1 0 0 0
 269 19  6 18 1 1 0 1 0 1 0 0 0 0
 270 20  6 16 1 1 1 0 0 0 1 0 1 0
 271 21  6 19 1 1 1 1 1 1 1 1 1 1
 272 22  6 17 1 1 1 1 1 1 1 0 0 0
 273 23  6 18 1 1 1 1 1 0 1 1 1 0
 274 24  6 18 1 0 0 1 0 0 0 0 1 0
 275 25  6 18 1 1 0 1 1 0 0 1 0 0
 276 26  6 17 1 1 1 1 1 0 1 0 1 0
 277 27  6 17 1 1 1 1 1 0 1 1 0 0
 278 28  6 15 1 1 0 1 1 1 1 0 0 0
 279 29  6 18 1 1 1 1 1 1 1 0 0 0
 280 30  6 17 1 1 1 1 1 0 1 1 0 0
 281 31  6 16 1 1 1 1 0 0 1 0 0 0
 282 32  6 17 1 1 1 1 1 0 1 1 0 0
 283 33  6 16 1 1 1 1 0 0 1 0 0 0
 284 34  6 17 1 1 0 1 0 1 0 0 0 0
 285 35  6 18 1 0 1 1 1 1 0 1 0 0
 286 36  6 16 1 1 1 1 0 0 0 1 0 0
 287 37  6 15 1 1 1 0 1 0 0 1 0 0
 288 38  6 19 1 0 1 1 0 1 1 1 1 0
 289 39  6 17 1 1 1 0 1 1 1 0 0 0
 290 40  6 21 1 0 0 0 0 0 0 0 0 0
 291 41  6 17 1 1 1 1 1 1 1 1 0 0
 292 42  6 17 1 1 1 1 0 1 0 1 0 0
 293 43  6 18 1 1 1 1 1 0 0 1 0 0
 294 44  6 15 1 1 1 1 0 0 1 0 0 0
 295 45  6 19 1 1 1 1 1 0 1 1 1 1
 296 46  6 18 1 1 1 1 1 1 1 1 0 0
 297 47  6 17 1 1 0 0 1 0 1 0 0 0
 298 48  6 17 1 1 1 1 0 1 1 0 0 0
 299 49  6 16 1 1 1 1 1 1 0 1 0 0
 300 50  6 16 1 1 1 1 1 1 1 1 0 1
 301  1  7 15 1 1 1 0 0 0 1 1 0 0
 302  2  7 18 1 1 1 1 0 0 1 0 0 1
 303  3  7 18 1 1 1 1 1 1 1 1 0 0
 304  4  7 14 1 0 1 1 0 0 1 0 1 0
 305  5  7 15 1 0 1 1 0 0 1 0 0 0
 306  6  7 18 1 1 1 1 1 1 1 1 1 0
 307  7  7 15 1 1 1 1 1 0 1 1 0 0
 308  8  7 16 1 1 0 1 1 1 1 1 0 0
 309  9  7 18 1 0 1 1 1 1 0 1 0 0
 310 10  7 16 1 1 1 0 1 0 0 0 0 1
 311 11  7 16 1 1 1 1 1 1 1 0 1 0
 312 12  7 16 1 1 1 0 1 0 1 0 0 0
 313 13  7 17 1 1 1 1 1 0 1 0 0 1
 314 14  7 15 0 1 1 1 1 1 0 0 0 0
 315 15  7 15 1 1 0 1 1 1 1 0 1 0
 316 16  7 15 1 1 0 1 0 1 1 0 0 0
 317 17  7 15 1 1 1 0 0 0 0 0 0 0
 318 18  7 18 1 0 0 1 0 0 0 1 0 0
 319 19  7 18 1 1 0 0 0 1 0 0 0 0
 320 20  7 17 1 1 1 1 0 0 0 0 0 0
 321 21  7 17 1 0 1 0 1 0 1 1 0 0
 322 22  7 18 1 1 1 1 1 1 1 1 0 0
 323 23  7 16 1 1 1 1 0 0 1 1 0 0
 324 24  7 18 1 1 1 0 0 0 1 0 0 0
 325 25  7 17 1 1 0 0 0 1 0 0 0 0
 326 26  7 17 1 0 1 0 0 0 0 1 0 0
 327 27  7 18 1 1 0 1 1 0 1 1 0 1
 328 28  7 17 1 1 1 1 0 0 0 1 1 0
 329 29  7 18 1 1 1 1 1 0 0 1 0 0
 330 30  7 16 1 1 0 1 0 0 0 1 0 0
 331 31  7 17 1 1 1 1 0 0 0 0 0 0
 332 32  7 17 1 1 1 1 1 1 1 0 0 0
 333 33  7 17 1 1 1 0 1 1 0 0 0 0
 334 34  7 16 1 0 1 1 1 1 0 1 0 0
 335 35  7 18 0 1 0 0 0 1 0 0 0 0
 336 36  7 19 1 1 1 1 1 1 1 1 0 0
 337 37  7 17 1 1 1 1 1 1 0 0 0 0
 338 38  7 17 1 1 1 1 1 1 1 0 0 0
 339 39  7 18 1 1 1 1 1 1 0 0 0 0
 340 40  7 17 1 1 1 1 1 0 0 1 0 0
 341 41  7 16 1 1 1 1 0 1 0 0 1 0
 342 42  7 16 1 1 0 1 1 0 1 1 0 1
 343 43  7 19 1 1 1 1 1 0 1 1 0 0
 344 44  7 17 1 0 1 0 0 0 0 1 0 0
 345 45  7 18 1 1 1 1 1 1 0 1 0 0
 346 46  7 17 1 1 1 1 1 1 0 1 1 0
 347 47  7 17 1 0 1 1 0 1 0 0 0 0
 348 48  7 17 1 1 1 1 1 0 0 0 1 0
 349 49  7 16 1 0 1 0 0 1 0 0 0 0
 350 50  7 17 1 1 0 1 1 1 1 0 0 0
 351  1  8 17 1 1 1 1 1 0 1 0 0 0
 352  2  8 18 1 1 1 1 1 0 0 0 0 0
 353  3  8 16 1 1 1 1 1 1 0 0 1 0
 354  4  8 16 1 1 1 1 1 1 1 1 0 0
 355  5  8 17 1 1 1 1 0 0 0 0 1 0
 356  6  8 16 1 1 0 1 1 0 1 1 0 0
 357  7  8 17 1 0 1 0 0 1 0 0 0 0
 358  8  8 16 1 1 1 1 1 1 0 1 0 0
 359  9  8 16 1 1 1 0 1 1 0 0 0 0
 360 10  8 15 1 1 1 1 0 1 0 0 0 0
 361 11  8 16 1 1 0 1 0 0 0 0 0 0
 362 12  8 18 1 1 1 1 1 1 0 0 0 0
 363 13  8 19 1 1 1 1 1 1 0 0 1 0
 364 14  8 17 1 1 0 1 1 1 1 1 1 0
 365 15  8 16 1 1 0 0 0 1 0 0 0 0
 366 16  8 15 1 1 1 1 1 0 1 1 0 0
 367 17  8 17 0 1 0 1 1 1 0 0 0 0
 368 18  8 17 1 1 1 0 1 1 0 0 0 1
 369 19  8 17 1 1 0 1 0 0 0 1 1 0
 370 20  8 18 1 1 0 1 1 1 1 0 0 0
 371 21  8 16 1 1 1 1 1 0 0 0 0 0
 372 22  8 16 1 1 1 1 0 0 0 1 0 0
 373 23  8 15 1 0 1 0 0 1 1 0 0 0
 374 24  8 19 1 0 1 0 1 1 1 0 0 0
 375 25  8 17 1 1 1 1 1 0 0 1 0 0
 376 26  8 15 1 1 1 0 1 0 0 0 0 0
 377 27  8 17 1 1 0 1 1 0 0 0 0 0
 378 28  8 17 1 0 1 1 1 0 0 0 0 1
 379 29  8 17 0 0 1 0 1 0 0 0 1 0
 380 30  8 18 0 1 1 0 1 0 0 0 0 0
 381 31  8 16 1 1 1 0 1 1 0 1 0 0
 382 32  8 16 1 1 1 0 1 0 1 0 0 0
 383 33  8 15 1 1 1 1 0 1 0 0 1 0
 384 34  8 19 1 1 0 1 0 0 0 1 0 0
 385 35  8 16 1 1 1 1 0 1 0 0 1 0
 386 36  8 17 0 0 1 1 0 0 1 0 0 0
 387 37  8 16 1 0 0 0 0 0 1 0 0 0
 388 38  8 16 1 0 1 0 1 0 0 0 0 0
 389 39  8 15 1 1 0 1 1 0 1 0 1 0
 390 40  8 15 1 1 1 1 0 1 0 0 0 0
 391 41  8 17 1 0 0 0 0 0 0 0 0 0
 392 42  8 15 1 1 1 1 1 0 0 0 1 0
 393 43  8 15 0 1 1 1 1 1 1 0 0 0
 394 44  8 16 0 0 0 1 1 1 0 0 0 0
 395 45  8 19 1 1 1 1 0 0 1 0 0 1
 396 46  8 15 1 0 1 0 0 1 0 0 0 0
 397 47  8 16 0 0 1 1 0 1 0 0 0 0
 398 48  8 19 1 0 1 0 1 1 1 1 0 1
 399 49  8 16 0 1 0 0 1 0 0 0 1 0
 400 50  8 17 1 0 1 1 1 0 0 0 0 0
 401  1  9 15 1 1 1 1 1 1 0 1 0 0
 402  2  9 17 0 1 0 1 0 0 0 0 0 0
 403  3  9 16 1 1 1 1 1 0 0 0 0 0
 404  4  9 17 0 0 1 1 0 0 0 0 0 0
 405  5  9 17 1 1 1 0 0 0 1 0 0 0
 406  6  9 18 0 1 1 0 0 0 0 0 0 0
 407  7  9 15 1 1 1 1 0 1 0 1 0 0
 408  8  9 17 1 1 0 0 0 0 1 1 0 0
 409  9  9 18 1 1 0 1 1 0 0 0 0 0
 410 10  9 16 0 1 1 1 0 0 1 0 0 0
 411 11  9 17 1 0 1 1 1 0 0 1 1 0
 412 12  9 15 1 0 0 1 0 0 0 0 0 0
 413 13  9 17 1 1 0 0 1 0 0 1 1 1
 414 14  9 17 1 0 1 1 0 0 1 0 0 0
 415 15  9 18 1 1 1 1 1 1 1 0 1 0
 416 16  9 15 1 1 0 0 1 0 1 0 0 0
 417 17  9 16 1 1 1 0 0 0 1 0 0 0
 418 18  9 18 1 1 0 0 0 0 0 1 0 0
 419 19  9 16 0 0 1 1 0 1 0 1 0 0
 420 20  9 17 1 1 1 0 0 0 0 0 0 0
 421 21  9 17 1 1 0 1 1 0 0 0 1 0
 422 22  9 16 1 1 1 1 1 1 0 0 0 0
 423 23  9 18 1 1 0 0 0 0 1 1 1 0
 424 24  9 18 1 1 1 0 1 0 1 1 1 0
 425 25  9 17 1 1 1 0 1 1 0 0 1 0
 426 26  9 17 1 0 0 0 0 1 0 0 0 0
 427 27  9 18 1 1 1 0 0 1 0 0 0 0
 428 28  9 17 1 1 0 1 1 0 0 0 1 0
 429 29  9 16 1 1 1 0 1 0 1 0 0 0
 430 30  9 17 1 1 1 0 1 0 0 0 0 0
 431 31  9 18 1 1 1 0 0 1 0 0 0 1
 432 32  9 18 1 1 0 1 0 1 1 0 0 0
 433 33  9 18 0 1 1 1 0 0 0 1 0 0
 434 34  9 16 1 0 1 0 0 0 1 0 0 0
 435 35  9 17 1 1 0 1 1 0 0 0 0 0
 436 36  9 15 1 1 0 1 1 0 1 0 1 0
 437 37  9 18 0 1 0 1 1 0 0 0 0 0
 438 38  9 17 1 1 0 0 0 1 0 1 0 0
 439 39  9 16 1 0 1 1 1 0 0 0 1 0
 440 40  9 17 0 1 1 0 0 0 1 1 0 0
 441 41  9 18 0 1 1 1 0 0 0 0 0 0
 442 42  9 19 0 0 0 0 1 0 1 0 0 0
 443 43  9 16 1 1 1 1 0 0 0 1 0 1
 444 44  9 18 1 0 1 0 1 0 0 0 0 0
 445 45  9 17 1 1 0 1 1 0 0 0 0 0
 446 46  9 17 1 0 1 0 1 1 1 1 0 0
 447 47  9 16 1 1 1 1 0 0 1 0 0 0
 448 48  9 16 1 1 1 1 1 1 1 0 0 0
 449 49  9 19 1 1 0 1 1 0 0 0 0 0
 450 50  9 17 1 0 1 0 1 0 1 0 0 0
 451  1 10 16 1 1 1 1 1 0 0 0 0 0
 452  2 10 17 1 1 1 1 1 1 1 0 0 0
 453  3 10 16 1 1 1 1 0 1 1 0 0 0
 454  4 10 16 1 1 1 1 1 0 0 1 0 1
 455  5 10 19 1 1 0 0 1 1 1 0 1 1
 456  6 10 18 1 0 1 1 1 1 0 0 0 0
 457  7 10 16 1 1 1 0 0 0 0 0 0 0
 458  8 10 16 1 1 1 1 0 0 0 0 0 0
 459  9 10 18 1 1 1 0 1 1 0 0 0 0
 460 10 10 16 1 1 1 1 1 1 0 0 1 0
 461 11 10 14 1 1 1 0 1 1 0 0 0 1
 462 12 10 15 1 1 1 1 1 1 0 0 1 0
 463 13 10 19 1 0 1 1 0 1 1 0 0 1
 464 14 10 19 1 1 1 0 1 0 0 1 0 0
 465 15 10 16 1 1 0 0 0 0 0 0 1 0
 466 16 10 16 1 1 0 0 0 1 0 1 0 0
 467 17 10 15 0 1 1 1 1 0 0 0 0 0
 468 18 10 17 0 1 1 1 1 1 1 1 0 0
 469 19 10 16 1 0 1 0 1 0 1 0 0 1
 470 20 10 16 1 1 1 0 0 1 0 0 0 1
 471 21 10 18 1 1 1 1 0 1 1 1 0 0
 472 22 10 16 1 1 1 0 1 0 1 0 0 0
 473 23 10 17 0 1 1 1 0 1 0 1 0 0
 474 24 10 16 1 1 1 1 0 0 1 1 0 0
 475 25 10 17 1 1 1 1 1 0 0 0 0 0
 476 26 10 16 1 1 1 0 1 1 1 0 1 0
 477 27 10 16 1 1 0 0 1 0 0 0 0 0
 478 28 10 15 1 1 1 1 1 0 1 0 0 0
 479 29 10 15 1 0 1 1 0 0 0 0 0 1
 480 30 10 18 0 1 1 1 1 1 1 0 0 0
 481 31 10 20 1 1 1 0 1 1 1 0 1 0
 482 32 10 17 1 1 1 1 1 0 0 1 0 0
 483 33 10 16 1 1 0 0 1 0 1 0 0 0
 484 34 10 18 0 0 1 0 1 0 0 1 1 0
 485 35 10 16 1 1 0 1 1 1 1 0 0 0
 486 36 10 18 0 1 1 1 1 0 1 0 0 0
 487 37 10 16 0 1 1 0 0 0 0 0 0 0
 488 38 10 19 1 1 1 1 0 0 0 1 0 0
 489 39 10 17 1 1 0 0 1 0 1 0 0 0
 490 40 10 15 1 0 1 0 1 1 0 1 0 0
 491 41 10 17 1 1 1 0 0 0 0 0 0 0
 492 42 10 16 1 1 0 1 0 0 0 0 0 0
 493 43 10 16 1 1 1 1 0 0 0 0 0 0
 494 44 10 17 1 1 1 1 0 0 1 1 0 0
 495 45 10 17 1 1 0 1 0 0 0 0 0 0
 496 46 10 17 0 1 0 1 1 1 1 0 0 0
 497 47 10 18 1 1 1 1 0 1 1 0 0 0
 498 48 10 17 1 1 1 1 1 1 1 0 0 0
 499 49 10 16 1 1 0 1 1 1 0 0 0 0
 500 50 10 17 1 1 1 0 0 1 1 0 0 0
 501  1 11 18 1 1 1 1 1 1 1 1 0 0
 502  2 11 17 1 1 1 1 0 1 1 0 0 0
 503  3 11 16 1 1 1 0 1 0 1 0 0 1
 504  4 11 16 1 0 1 1 0 0 1 0 0 0
 505  5 11 18 0 0 0 0 0 0 1 0 0 0
 506  6 11 16 1 1 1 1 1 1 1 1 0 0
 507  7 11 16 0 1 1 1 1 0 0 0 0 0
 508  8 11 17 1 1 0 0 0 1 0 0 0 0
 509  9 11 15 1 1 0 0 1 1 0 0 0 0
 510 10 11 15 1 1 1 0 0 0 0 0 1 0
 511 11 11 17 1 1 1 1 0 1 0 0 0 0
 512 12 11 16 0 1 1 1 1 0 1 0 0 1
 513 13 11 16 1 1 1 0 1 0 1 1 1 0
 514 14 11 17 1 1 0 0 1 1 1 1 0 0
 515 15 11 17 0 1 0 1 0 0 0 0 0 0
 516 16 11 16 1 1 1 1 0 1 0 1 0 0
 517 17 11 16 1 1 1 1 0 0 1 0 0 1
 518 18 11 16 1 1 1 0 0 0 1 0 0 0
 519 19 11 17 1 0 0 0 0 0 0 0 0 0
 520 20 11 18 1 1 1 0 0 0 0 0 0 0
 521 21 11 16 1 1 1 1 0 0 0 0 0 0
 522 22 11 16 1 1 0 1 1 0 1 1 0 0
 523 23 11 17 1 1 1 1 1 1 1 1 0 0
 524 24 11 17 0 1 1 0 1 0 0 0 0 0
 525 25 11 16 1 0 1 0 1 0 1 0 1 0
 526 26 11 17 1 0 0 0 0 0 0 0 0 0
 527 27 11 18 1 1 1 1 1 0 0 1 1 0
 528 28 11 17 1 1 1 1 1 1 1 1 0 0
 529 29 11 18 1 1 0 0 0 0 0 0 0 0
 530 30 11 19 1 1 1 1 0 0 0 0 0 0
 531 31 11 16 1 1 1 0 0 0 1 0 0 0
 532 32 11 16 1 1 0 1 1 0 0 1 0 0
 533 33 11 17 1 1 1 1 1 1 1 0 0 0
 534 34 11 16 1 1 1 1 1 0 1 1 0 0
 535 35 11 15 1 1 0 1 1 1 0 1 0 0
 536 36 11 17 1 1 0 0 0 1 1 0 0 0
 537 37 11 17 1 1 1 0 1 0 1 0 0 0
 538 38 11 16 1 1 1 1 0 1 1 1 0 0
 539 39 11 15 1 1 1 1 0 0 1 1 0 1
 540 40 11 17 1 1 1 0 1 1 0 1 0 0
 541 41 11 17 1 1 0 1 1 0 1 0 0 0
 542 42 11 16 1 1 0 1 1 0 0 0 0 0
 543 43 11 18 1 1 1 1 1 1 1 1 1 0
 544 44 11 16 0 0 1 1 1 1 1 0 0 0
 545 45 11 16 1 1 1 0 1 1 0 1 0 0
 546 46 11 16 1 1 0 1 1 1 1 1 0 0
 547 47 11 15 1 0 1 0 0 0 1 0 0 0
 548 48 11 15 1 0 1 0 0 1 1 1 1 0
 549 49 11 18 1 1 0 1 1 0 1 1 0 1
 550 50 11 18 1 1 1 1 0 0 0 0 0 0
 551  1 12 18 1 1 0 1 0 0 1 1 0 0
 552  2 12 17 1 1 1 1 1 1 1 1 0 1
 553  3 12 18 1 1 0 0 1 1 0 1 0 0
 554  4 12 17 1 1 1 0 0 0 1 1 0 1
 555  5 12 17 1 1 1 1 1 1 0 1 0 0
 556  6 12 18 1 1 1 0 1 1 0 1 0 1
 557  7 12 17 1 1 1 1 1 0 0 0 0 1
 558  8 12 16 1 1 1 1 1 0 0 0 0 0
 559  9 12 17 1 1 0 1 0 0 0 0 0 0
 560 10 12 19 1 1 1 1 0 1 1 1 0 0
 561 11 12 16 1 1 1 0 1 1 1 0 1 0
 562 12 12 18 1 1 1 1 1 1 0 0 1 1
 563 13 12 18 1 1 1 1 0 1 0 1 0 0
 564 14 12 17 1 1 1 1 0 1 1 1 0 0
 565 15 12 19 1 1 0 1 1 1 1 1 1 1
 566 16 12 17 1 1 1 0 1 1 1 1 1 0
 567 17 12 20 1 1 1 0 0 0 1 0 0 0
 568 18 12 17 1 1 1 0 1 0 0 0 0 0
 569 19 12 17 0 1 1 1 1 0 0 1 0 0
 570 20 12 16 1 0 1 0 1 1 0 0 0 0
 571 21 12 18 1 1 1 0 0 1 0 0 0 0
 572 22 12 16 1 1 0 1 0 0 0 0 1 0
 573 23 12 18 1 1 0 0 0 0 1 0 0 0
 574 24 12 15 1 0 1 1 0 1 1 1 0 0
 575 25 12 18 1 1 1 1 1 0 1 1 0 1
 576 26 12 18 0 1 1 0 0 0 1 1 1 0
 577 27 12 18 0 1 1 1 0 0 0 0 0 1
 578 28 12 18 1 0 1 1 1 1 1 1 0 1
 579 29 12 19 1 1 1 1 1 1 1 1 0 1
 580 30 12 18 1 0 1 1 1 1 1 0 1 1
 581 31 12 18 1 1 1 1 1 0 0 1 0 1
 582 32 12 16 1 1 1 1 0 1 0 0 0 0
 583 33 12 17 1 1 1 1 1 1 1 0 1 1
 584 34 12 18 1 0 1 0 0 0 0 0 1 0
 585 35 12 18 1 1 1 1 0 1 1 1 0 0
 586 36 12 16 1 0 1 1 1 1 0 1 1 0
 587 37 12 16 0 1 1 0 1 0 1 1 0 1
 588 38 12 17 1 1 1 0 1 0 0 1 1 0
 589 39 12 16 1 0 1 0 1 1 1 1 0 0
 590 40 12 18 1 1 1 1 1 1 1 1 0 1
 591 41 12 17 1 1 1 1 0 0 1 1 1 1
 592 42 12 19 1 1 1 1 1 1 1 1 0 0
 593 43 12 18 1 1 1 1 0 0 1 1 1 1
 594 44 12 18 1 1 1 1 0 0 1 0 0 0
 595 45 12 20 1 1 1 1 1 1 1 1 1 1
 596 46 12 18 1 1 1 1 1 1 1 0 1 0
 597 47 12 16 0 1 1 1 1 1 0 1 0 0
 598 48 12 18 1 1 0 1 1 1 0 1 0 0
 599 49 12 18 1 1 1 1 1 1 1 1 0 0
 600 50 12 18 1 1 0 1 1 1 1 1 1 0
 601  1 13 19 1 1 1 1 1 0 0 1 1 1
 602  2 13 19 1 1 1 1 1 0 1 1 0 1
 603  3 13 19 1 1 1 1 1 0 1 1 0 1
 604  4 13 17 1 1 1 1 1 0 1 1 1 0
 605  5 13 19 1 1 1 1 1 1 0 0 1 1
 606  6 13 18 1 1 1 1 0 0 0 1 1 0
 607  7 13 16 1 1 1 1 0 1 0 0 0 0
 608  8 13 19 1 1 1 1 1 1 0 1 0 0
 609  9 13 19 1 1 1 1 1 1 1 1 1 0
 610 10 13 19 1 1 1 1 1 1 0 1 0 0
 611 11 13 17 1 1 1 1 1 1 1 1 1 0
 612 12 13 17 1 1 1 1 1 1 1 1 1 1
 613 13 13 18 1 1 1 1 1 1 1 1 1 1
 614 14 13 18 1 1 1 1 1 1 1 1 1 1
 615 15 13 19 1 1 1 1 1 1 1 0 1 0
 616 16 13 19 1 1 1 1 1 1 1 1 0 0
 617 17 13 18 1 1 1 1 1 1 1 1 0 1
 618 18 13 18 1 1 0 1 1 1 0 0 0 1
 619 19 13 19 1 0 1 1 1 1 1 0 1 0
 620 20 13 17 0 1 1 0 1 0 1 0 0 0
 621 21 13 16 1 1 1 1 1 0 0 1 1 0
 622 22 13 18 1 1 1 1 1 1 1 1 0 0
 623 23 13 17 1 1 1 0 1 1 0 0 0 1
 624 24 13 17 1 1 1 0 0 0 1 0 1 1
 625 25 13 18 1 1 1 0 1 1 1 1 0 0
 626 26 13 18 1 1 1 0 1 1 0 0 0 0
 627 27 13 16 1 1 1 1 1 1 1 1 0 0
 628 28 13 18 1 1 1 1 1 0 0 0 0 0
 629 29 13 18 1 1 1 1 1 1 1 1 0 0
 630 30 13 17 0 1 1 1 1 0 0 0 0 0
 631 31 13 19 1 1 1 1 1 0 1 0 1 1
 632 32 13 19 1 1 1 1 1 1 0 1 1 0
 633 33 13 17 1 0 1 1 1 1 1 1 1 0
 634 34 13 19 1 1 1 1 1 1 1 1 1 0
 635 35 13 19 1 1 1 0 1 1 1 1 1 0
 636 36 13 18 1 1 1 1 1 1 1 0 0 0
 637 37 13 20 1 1 1 1 1 1 1 1 1 1
 638 38 13 18 1 1 1 1 1 1 1 0 0 0
 639 39 13 17 1 1 1 1 1 1 1 0 0 1
 640 40 13 16 1 1 1 1 0 0 0 0 1 0
 641 41 13 16 1 1 1 0 1 1 1 0 0 1
 642 42 13 16 1 1 0 1 0 1 0 1 1 0
 643 43 13 18 1 1 1 1 0 1 1 0 0 1
 644 44 13 18 1 1 1 0 1 1 1 1 1 1
 645 45 13 17 1 1 1 1 1 0 1 0 0 0
 646 46 13 17 1 1 0 1 0 1 0 0 0 1
 647 47 13 19 1 1 1 1 1 1 1 1 0 0
 648 48 13 19 1 1 1 1 0 1 1 1 1 0
 649 49 13 18 1 1 1 1 1 1 1 1 0 0
 650 50 13 18 1 0 1 0 1 1 1 1 0 0
 651  1 14 16 1 1 1 1 0 0 1 0 1 0
 652  2 14 16 0 1 1 0 0 1 0 0 1 0
 653  3 14 16 0 1 1 1 0 0 0 0 0 0
 654  4 14 16 1 1 0 1 0 1 1 0 0 0
 655  5 14 16 1 0 1 1 1 0 1 0 0 0
 656  6 14 15 1 0 1 1 1 0 0 0 0 1
 657  7 14 15 1 1 1 0 0 0 0 1 0 0
 658  8 14 17 1 1 1 1 0 1 1 0 0 0
 659  9 14 16 1 0 1 0 1 1 0 0 0 0
 660 10 14 16 1 1 0 1 0 0 0 0 0 0
 661 11 14 15 1 1 1 1 0 1 1 1 0 0
 662 12 14 18 0 1 1 0 0 0 0 1 0 0
 663 13 14 16 1 1 1 1 0 1 0 0 1 0
 664 14 14 17 1 1 1 0 1 1 1 0 0 0
 665 15 14 17 0 1 1 0 0 0 0 0 0 0
 666 16 14 15 0 1 0 0 0 1 1 1 0 0
 667 17 14 17 1 1 0 1 1 0 1 0 1 0
 668 18 14 17 1 1 1 1 0 1 0 1 0 0
 669 19 14 17 1 1 1 1 1 0 0 0 0 0
 670 20 14 18 1 1 0 1 1 0 0 1 0 0
 671 21 14 17 1 1 1 1 1 0 0 0 1 0
 672 22 14 18 1 1 1 0 0 0 0 1 1 0
 673 23 14 17 1 1 1 1 0 1 1 0 0 0
 674 24 14 16 1 0 0 1 0 0 0 0 0 0
 675 25 14 16 0 1 1 0 1 0 0 0 0 0
 676 26 14 17 1 0 0 0 1 0 1 0 0 0
 677 27 14 17 1 0 1 1 1 1 0 0 0 0
 678 28 14 18 1 1 1 0 0 0 0 1 0 0
 679 29 14 16 1 1 1 1 0 1 0 0 0 0
 680 30 14 17 1 0 1 1 1 0 0 0 0 0
 681 31 14 16 1 1 1 0 1 0 1 1 0 0
 682 32 14 17 1 0 1 1 0 1 0 0 0 0
 683 33 14 16 1 1 1 0 1 0 0 0 0 0
 684 34 14 17 1 1 1 1 0 1 0 1 0 1
 685 35 14 18 1 1 1 1 1 0 1 0 0 0
 686 36 14 19 1 1 1 0 1 1 1 1 1 0
 687 37 14 17 1 0 1 0 1 1 1 0 0 1
 688 38 14 18 1 1 1 1 0 0 0 0 1 0
 689 39 14 16 1 1 0 1 0 0 1 0 1 0
 690 40 14 16 1 1 1 0 1 0 1 0 0 0
 691 41 14 19 1 1 0 1 1 1 0 0 0 0
 692 42 14 18 1 1 1 0 1 0 0 0 0 0
 693 43 14 17 0 1 0 0 0 0 1 0 0 0
 694 44 14 19 1 1 1 1 1 1 1 0 0 0
 695 45 14 17 1 1 0 1 0 0 0 1 0 0
 696 46 14 17 1 1 0 1 0 0 0 0 0 0
 697 47 14 16 1 1 1 1 1 0 0 0 0 0
 698 48 14 16 1 0 1 1 0 0 0 0 0 0
 699 49 14 15 1 1 1 1 1 0 0 1 0 0
 700 50 14 16 1 1 1 1 1 0 1 0 1 0
 701  1 15 15 0 1 1 1 1 1 1 0 0 0
 702  2 15 14 1 1 1 1 1 0 0 0 0 0
 703  3 15 16 1 1 0 0 1 1 1 0 1 0
 704  4 15 16 1 1 1 1 1 1 0 0 0 0
 705  5 15 17 1 0 1 1 0 1 0 0 0 0
 706  6 15 17 0 0 0 1 0 0 0 0 0 0
 707  7 15 17 1 1 1 1 0 0 0 0 1 1
 708  8 15 15 1 0 1 0 1 0 1 1 0 0
 709  9 15 16 1 1 0 0 1 1 0 0 0 0
 710 10 15 17 1 1 1 0 0 0 0 0 0 0
 711 11 15 15 1 1 1 1 0 1 0 1 0 0
 712 12 15 16 1 0 1 1 0 0 0 0 0 0
 713 13 15 16 1 1 1 0 1 0 1 0 0 1
 714 14 15 16 1 1 1 1 0 0 0 1 0 0
 715 15 15 18 1 1 1 0 0 0 0 0 1 0
 716 16 15 16 0 1 1 0 1 1 0 1 0 0
 717 17 15 18 1 0 1 0 0 0 0 0 0 0
 718 18 15 16 1 1 0 1 1 1 0 0 0 0
 719 19 15 18 1 0 0 0 0 0 0 0 0 0
 720 20 15 17 1 1 1 1 0 0 0 0 0 0
 721 21 15 15 1 1 1 0 0 1 1 0 0 1
 722 22 15 16 1 0 0 1 0 0 0 0 0 0
 723 23 15 16 1 0 1 1 0 1 0 0 0 0
 724 24 15 16 1 1 1 1 0 1 0 0 0 0
 725 25 15 18 1 1 0 1 1 0 0 0 1 0
 726 26 15 17 1 1 0 0 0 0 0 0 0 0
 727 27 15 17 1 0 1 1 0 0 1 1 0 0
 728 28 15 17 1 1 1 1 1 1 1 0 0 0
 729 29 15 18 1 1 1 1 0 0 0 1 0 0
 730 30 15 17 1 1 1 0 0 1 0 0 0 0
 731 31 15 17 0 1 1 1 1 0 0 0 0 0
 732 32 15 17 1 0 0 1 0 0 1 0 0 0
 733 33 15 19 1 0 1 0 0 0 0 0 0 0
 734 34 15 16 1 1 0 1 1 0 1 0 1 0
 735 35 15 15 1 0 1 1 0 0 0 0 0 0
 736 36 15 15 1 1 1 1 1 1 0 1 1 0
 737 37 15 17 1 1 1 0 0 1 0 0 1 1
 738 38 15 16 1 1 0 0 0 0 1 0 0 0
 739 39 15 18 1 1 0 1 0 1 1 0 0 0
 740 40 15 16 0 1 1 1 0 0 1 0 0 1
 741 41 15 18 1 1 1 1 1 1 0 1 1 0
 742 42 15 18 1 1 1 1 0 0 0 0 0 0
 743 43 15 18 1 1 1 1 1 1 1 1 0 0
 744 44 15 16 1 0 1 1 1 0 1 0 1 0
 745 45 15 16 1 1 1 1 0 1 0 0 0 0
 746 46 15 19 0 1 0 0 0 0 0 0 0 0
 747 47 15 18 1 1 0 0 0 0 0 1 0 0
 748 48 15 16 1 1 0 0 1 0 0 0 0 0
 749 49 15 19 1 1 1 1 0 0 1 0 0 0
 750 50 15 16 1 1 0 0 0 0 0 0 0 0
 751  1 16 16 1 1 0 0 0 0 0 0 0 0
 752  2 16 16 1 0 1 0 0 0 1 0 0 0
 753  3 16 16 1 1 1 1 0 1 1 0 0 0
 754  4 16 18 1 1 1 1 0 0 0 0 0 0
 755  5 16 18 1 1 0 1 0 1 0 0 1 0
 756  6 16 17 1 1 0 1 1 1 1 0 0 0
 757  7 16 16 1 1 0 0 1 1 0 0 0 0
 758  8 16 16 1 0 0 0 0 0 0 0 0 0
 759  9 16 17 1 1 1 1 1 0 0 0 1 0
 760 10 16 17 1 1 1 0 1 1 0 1 1 0
 761 11 16 18 1 1 1 0 1 1 1 0 1 1
 762 12 16 16 1 1 1 1 0 0 0 1 0 0
 763 13 16 16 0 1 1 0 0 1 0 0 1 0
 764 14 16 17 1 1 1 1 0 0 1 0 0 0
 765 15 16 16 1 1 1 1 1 1 1 1 0 0
 766 16 16 15 1 1 1 1 0 1 0 0 0 0
 767 17 16 17 1 0 0 0 0 0 1 0 1 0
 768 18 16 18 1 1 1 1 0 1 1 1 0 0
 769 19 16 17 1 1 1 1 1 1 0 0 0 0
 770 20 16 18 1 1 0 1 0 1 0 0 0 0
 771 21 16 18 1 1 1 0 1 1 0 0 0 0
 772 22 16 18 1 1 0 1 1 1 0 0 0 0
 773 23 16 17 1 1 0 1 1 1 1 0 0 0
 774 24 16 16 1 1 1 1 0 1 1 0 0 0
 775 25 16 16 1 0 1 0 1 0 0 0 0 1
 776 26 16 16 1 0 1 0 1 0 0 0 1 0
 777 27 16 17 1 0 1 1 0 0 0 0 0 1
 778 28 16 17 1 1 1 1 0 0 0 0 0 0
 779 29 16 16 1 0 1 0 1 0 0 0 1 1
 780 30 16 17 1 1 1 0 1 1 0 1 0 0
 781 31 16 17 1 1 1 0 0 1 0 0 0 0
 782 32 16 16 0 1 1 1 1 1 0 0 0 0
 783 33 16 18 1 1 1 0 0 0 0 1 0 0
 784 34 16 18 1 1 1 1 1 1 0 1 1 1
 785 35 16 17 1 1 1 1 0 1 1 0 0 0
 786 36 16 15 1 0 0 1 1 0 1 1 0 0
 787 37 16 17 1 1 0 1 0 1 0 1 0 0
 788 38 16 17 1 1 0 1 0 0 1 0 0 0
 789 39 16 17 1 1 1 1 1 0 0 1 0 1
 790 40 16 16 1 1 1 1 0 1 1 1 0 0
 791 41 16 16 1 0 0 0 1 1 1 1 0 0
 792 42 16 18 1 1 0 1 1 0 0 0 0 0
 793 43 16 16 1 1 1 0 1 1 0 1 1 0
 794 44 16 18 1 1 0 0 0 0 0 0 0 0
 795 45 16 18 1 1 1 0 0 1 0 0 0 0
 796 46 16 16 0 1 1 0 0 1 1 1 0 0
 797 47 16 15 1 1 1 1 1 0 0 0 0 1
 798 48 16 16 1 1 1 0 0 0 0 1 0 1
 799 49 16 18 1 1 1 0 0 1 0 0 0 0
 800 50 16 18 1 0 1 0 0 1 0 0 0 0
 801  1 17 16 1 1 1 1 0 0 0 0 0 0
 802  2 17 18 1 1 0 0 1 1 1 1 0 1
 803  3 17 16 1 0 1 0 0 1 1 0 0 0
 804  4 17 17 1 1 1 1 1 1 0 0 1 0
 805  5 17 17 1 1 1 0 1 0 1 0 0 0
 806  6 17 18 1 1 1 0 1 1 1 0 0 0
 807  7 17 17 1 1 0 1 1 1 1 1 0 0
 808  8 17 17 1 1 1 1 1 0 1 1 1 0
 809  9 17 17 1 1 1 1 1 1 1 1 1 1
 810 10 17 18 1 1 1 0 1 1 0 0 0 0
 811 11 17 16 1 0 1 0 0 0 0 0 1 0
 812 12 17 18 1 1 1 1 0 1 1 0 1 0
 813 13 17 17 1 1 1 0 1 0 0 0 0 0
 814 14 17 16 1 1 1 1 0 0 1 1 1 0
 815 15 17 16 1 0 1 1 1 0 0 0 0 0
 816 16 17 18 1 1 1 1 1 1 1 1 0 1
 817 17 17 18 1 1 0 1 1 0 1 0 0 0
 818 18 17 17 1 1 1 1 1 1 1 1 1 0
 819 19 17 19 1 1 1 1 0 1 1 0 0 0
 820 20 17 19 1 1 0 1 1 1 0 1 0 0
 821 21 17 17 1 1 1 1 1 1 1 0 0 1
 822 22 17 16 1 0 1 1 1 0 1 0 1 0
 823 23 17 18 1 1 1 1 1 0 1 1 0 0
 824 24 17 18 1 1 1 1 1 1 0 1 1 0
 825 25 17 17 1 1 1 1 1 1 1 1 0 0
 826 26 17 16 1 0 1 1 0 0 0 0 0 0
 827 27 17 15 1 1 1 1 0 0 1 0 0 0
 828 28 17 16 1 1 1 1 0 1 0 0 1 0
 829 29 17 19 1 1 0 1 1 1 1 1 1 0
 830 30 17 18 1 1 1 1 1 1 0 1 1 1
 831 31 17 17 1 1 1 1 1 1 1 0 0 0
 832 32 17 15 1 1 1 1 1 0 0 0 0 0
 833 33 17 17 1 1 1 0 0 0 0 0 0 0
 834 34 17 18 1 1 1 1 1 0 1 1 0 1
 835 35 17 17 1 1 0 1 1 0 1 0 1 0
 836 36 17 16 1 1 0 1 0 1 1 1 0 0
 837 37 17 16 1 1 1 0 1 0 0 0 0 0
 838 38 17 17 1 1 0 0 0 1 1 0 0 0
 839 39 17 17 1 1 1 1 0 1 0 0 0 0
 840 40 17 19 1 1 1 1 0 0 0 0 0 0
 841 41 17 17 1 1 1 1 1 1 1 1 0 1
 842 42 17 17 1 1 1 1 1 0 0 0 0 0
 843 43 17 16 1 1 0 1 0 1 0 1 1 0
 844 44 17 18 1 1 1 1 1 0 1 1 0 0
 845 45 17 18 1 1 1 0 1 1 1 0 1 0
 846 46 17 19 1 1 1 0 1 1 1 1 0 0
 847 47 17 18 1 1 1 1 1 0 0 1 1 0
 848 48 17 18 1 1 1 1 1 0 1 1 1 0
 849 49 17 18 1 1 0 1 1 0 0 0 0 0
 850 50 17 17 1 1 1 0 0 0 0 0 0 0
 851  1 18 17 1 1 1 0 0 1 0 1 0 0
 852  2 18 17 1 0 1 1 0 0 0 0 0 0
 853  3 18 17 1 1 1 1 1 1 0 0 0 0
 854  4 18 16 0 1 0 0 0 1 0 0 0 0
 855  5 18 18 0 1 0 0 0 0 0 0 0 0
 856  6 18 18 1 1 0 0 0 0 1 0 0 0
 857  7 18 16 1 0 1 1 0 1 0 0 1 0
 858  8 18 18 1 1 1 1 0 0 0 1 0 0
 859  9 18 16 1 1 1 0 0 0 0 0 0 0
 860 10 18 16 0 1 1 1 0 1 1 0 0 0
 861 11 18 17 1 1 1 1 1 0 0 0 0 0
 862 12 18 17 1 0 1 0 0 0 0 0 1 0
 863 13 18 17 1 1 1 0 1 0 0 0 0 1
 864 14 18 18 0 1 1 0 0 1 0 0 0 0
 865 15 18 17 1 0 1 0 1 0 1 0 0 0
 866 16 18 19 0 0 0 0 0 0 0 0 0 0
 867 17 18 16 0 0 1 1 1 0 1 0 1 0
 868 18 18 17 0 1 1 1 0 0 0 0 0 0
 869 19 18 18 1 0 0 0 1 0 1 0 0 0
 870 20 18 19 1 0 0 0 1 0 0 0 0 0
 871 21 18 18 1 1 1 1 1 1 1 0 1 0
 872 22 18 17 1 1 0 1 0 0 0 0 0 0
 873 23 18 19 1 0 1 0 0 0 0 0 0 0
 874 24 18 18 1 1 1 0 1 0 0 0 0 0
 875 25 18 17 1 0 0 0 1 1 0 0 0 0
 876 26 18 19 1 1 0 0 0 0 0 0 0 0
 877 27 18 18 0 0 1 0 0 0 0 0 0 0
 878 28 18 16 1 1 1 1 0 1 1 0 0 0
 879 29 18 16 1 0 1 1 1 0 0 1 0 0
 880 30 18 17 1 1 1 1 0 0 0 0 0 0
 881 31 18 17 0 0 1 0 0 0 0 1 0 0
 882 32 18 18 1 1 0 0 1 0 0 0 0 0
 883 33 18 17 1 1 0 1 0 1 1 0 0 0
 884 34 18 17 1 1 1 0 0 0 0 0 0 0
 885 35 18 16 1 1 1 0 0 0 1 0 0 0
 886 36 18 16 0 1 0 1 1 0 1 1 1 1
 887 37 18 16 1 1 1 1 1 1 1 1 0 0
 888 38 18 17 1 0 1 0 0 0 1 0 1 0
 889 39 18 18 1 0 1 0 1 0 0 1 0 0
 890 40 18 18 1 0 0 1 1 0 0 0 0 0
 891 41 18 17 1 1 1 1 1 0 0 0 0 0
 892 42 18 18 1 1 1 0 0 0 1 0 0 0
 893 43 18 18 1 1 0 0 0 0 0 0 0 0
 894 44 18 16 1 1 0 0 0 0 0 1 0 0
 895 45 18 17 1 1 1 0 0 0 0 0 0 0
 896 46 18 16 1 1 0 0 0 0 0 0 0 0
 897 47 18 17 1 1 1 0 0 0 1 0 0 0
 898 48 18 17 1 0 1 0 1 0 0 0 0 0
 899 49 18 16 1 0 0 0 1 1 0 0 0 0
 900 50 18 16 1 1 1 1 0 0 0 0 0 0
 901  1 19 17 1 1 1 0 0 0 0 1 0 1
 902  2 19 18 1 1 1 1 1 1 0 0 0 0
 903  3 19 17 1 1 1 0 0 0 0 0 0 0
 904  4 19 17 1 1 1 1 0 1 1 0 1 1
 905  5 19 15 1 0 1 1 1 1 1 0 0 0
 906  6 19 15 1 1 1 0 1 1 0 0 0 0
 907  7 19 17 0 1 1 1 1 1 1 1 1 0
 908  8 19 15 1 1 1 1 0 0 0 1 0 0
 909  9 19 17 1 0 1 1 0 0 0 0 0 0
 910 10 19 16 1 1 1 1 0 1 0 0 0 1
 911 11 19 19 1 1 1 1 1 0 0 0 0 1
 912 12 19 16 1 1 1 1 1 1 0 1 1 0
 913 13 19 17 1 1 1 1 0 1 0 0 0 0
 914 14 19 16 1 1 1 1 1 0 1 0 0 0
 915 15 19 17 1 0 1 0 1 0 1 0 0 0
 916 16 19 17 0 1 0 0 0 0 0 1 0 0
 917 17 19 17 1 1 0 1 1 1 0 1 0 0
 918 18 19 18 1 1 1 1 1 0 1 1 0 0
 919 19 19 16 1 1 1 0 0 0 0 1 0 0
 920 20 19 17 1 1 1 1 1 1 0 0 1 0
 921 21 19 17 1 1 1 1 0 1 0 0 0 0
 922 22 19 19 1 1 1 1 1 0 0 1 0 0
 923 23 19 19 1 1 1 1 1 0 1 0 0 0
 924 24 19 19 1 0 1 1 1 1 1 1 1 0
 925 25 19 17 1 1 1 0 1 1 0 0 0 0
 926 26 19 18 1 1 1 1 1 0 1 1 1 0
 927 27 19 18 1 1 1 1 1 1 1 0 0 0
 928 28 19 16 1 1 1 0 1 1 0 0 0 0
 929 29 19 16 1 0 0 1 1 0 1 0 0 0
 930 30 19 18 1 1 1 1 0 1 1 0 1 1
 931 31 19 16 1 1 1 1 0 0 0 0 0 0
 932 32 19 17 1 1 1 0 0 1 1 0 0 0
 933 33 19 19 1 1 1 0 1 0 1 1 0 1
 934 34 19 17 1 1 1 0 1 1 1 1 1 0
 935 35 19 18 0 1 1 1 1 1 1 1 0 1
 936 36 19 18 1 1 1 1 1 1 1 0 1 0
 937 37 19 15 1 1 1 1 1 0 0 0 0 0
 938 38 19 16 0 1 1 1 1 1 0 0 0 0
 939 39 19 17 1 1 1 1 1 1 1 1 0 1
 940 40 19 19 1 1 1 1 1 0 1 0 1 1
 941 41 19 16 1 1 1 1 0 1 0 1 0 1
 942 42 19 19 1 1 1 1 0 1 0 1 0 0
 943 43 19 19 1 0 0 1 1 1 1 0 0 0
 944 44 19 19 1 1 1 0 0 0 0 0 0 0
 945 45 19 16 0 1 0 0 0 0 1 1 0 0
 946 46 19 16 1 1 0 1 1 0 1 0 0 0
 947 47 19 16 1 1 1 1 0 1 0 0 0 0
 948 48 19 17 1 1 1 1 1 0 1 0 1 0
 949 49 19 19 1 1 1 0 1 0 1 0 1 1
 950 50 19 17 1 1 1 1 1 0 0 1 0 0
 951  1 20 17 1 1 1 0 0 1 0 1 0 0
 952  2 20 16 1 1 1 1 0 0 1 1 0 0
 953  3 20 16 1 1 1 1 1 0 0 0 0 0
 954  4 20 17 1 1 1 0 0 0 0 0 1 0
 955  5 20 17 1 0 1 0 1 0 1 0 0 0
 956  6 20 16 1 1 1 0 1 0 1 1 1 0
 957  7 20 18 1 0 1 0 1 1 0 0 0 0
 958  8 20 17 1 1 1 0 1 1 0 1 1 0
 959  9 20 15 1 0 1 0 1 0 1 0 0 0
 960 10 20 17 1 1 0 1 0 1 0 0 0 0
 961 11 20 17 1 1 1 1 1 1 0 0 0 0
 962 12 20 16 1 1 1 0 0 1 0 1 0 1
 963 13 20 18 1 1 1 1 1 0 1 1 0 1
 964 14 20 19 0 1 0 0 0 0 0 1 0 0
 965 15 20 19 0 1 0 0 0 0 0 0 0 0
 966 16 20 16 1 1 1 1 1 0 0 1 0 0
 967 17 20 19 1 1 1 1 1 0 0 0 0 0
 968 18 20 17 0 1 1 0 1 0 0 0 0 0
 969 19 20 15 0 1 1 0 1 0 1 0 0 0
 970 20 20 17 1 0 0 0 0 1 1 0 0 0
 971 21 20 19 1 1 1 1 0 0 1 1 0 0
 972 22 20 18 1 1 1 0 0 0 0 0 0 0
 973 23 20 16 1 1 1 1 1 1 0 0 0 0
 974 24 20 17 1 1 1 0 1 0 0 0 0 0
 975 25 20 17 1 0 1 0 0 0 0 0 0 0
 976 26 20 16 1 0 0 0 0 1 0 0 0 0
 977 27 20 17 1 1 1 1 1 0 1 0 1 0
 978 28 20 15 1 1 0 1 1 0 0 0 0 1
 979 29 20 16 1 1 1 0 1 0 0 0 0 1
 980 30 20 17 1 1 1 0 0 1 0 0 0 0
 981 31 20 17 1 1 0 1 0 1 1 0 0 0
 982 32 20 17 1 1 1 0 0 0 0 0 0 0
 983 33 20 16 1 1 1 0 0 1 0 1 0 0
 984 34 20 17 1 1 0 1 1 0 0 0 0 1
 985 35 20 17 1 1 1 1 0 1 1 1 0 0
 986 36 20 16 1 0 1 1 0 0 0 0 0 0
 987 37 20 17 1 1 0 1 1 0 0 1 0 1
 988 38 20 17 1 1 0 1 1 0 0 1 1 0
 989 39 20 17 1 1 1 1 1 0 0 0 0 0
 990 40 20 15 0 1 1 1 0 0 0 0 0 0
 991 41 20 16 1 1 1 1 1 0 0 1 0 0
 992 42 20 17 1 0 1 1 0 0 0 0 0 0
 993 43 20 17 1 1 0 1 0 0 1 0 0 0
 994 44 20 17 1 0 1 0 0 1 0 1 0 0
 995 45 20 16 1 0 1 1 0 0 0 0 0 0
 996 46 20 17 1 1 1 0 1 0 1 0 1 0
 997 47 20 15 1 1 0 1 0 1 0 1 1 0
 998 48 20 18 1 1 0 0 1 0 0 0 0 0
 999 49 20 17 1 1 1 1 1 1 0 0 0 0
1000 50 20 16 1 1 0 0 0 0 1 0 0 0
